1.379132e+01
3.566191e-02
2.613825e-01
1.078973e+00
8.319842e-02
3.033452e+01
5.557519e+00
9.846478e-01
1.136387e+01
9.820106e+01
4.977237e-02
1.044075e+00
1.963855e-01
2.694099e+00
7.153544e-01
1.118628e+00
3.322751e-02
7.830323e-02
8.507688e+01
3.539287e-01
1.557494e+01
2.696866e-02
9.534475e+00
1.849160e+01
2.305167e+01
8.575705e-02
1.017370e-01
1.446231e+00
3.650017e-02
1.284837e+01
2.590582e+01
9.082237e-03
6.976050e-03
1.102182e-03
2.820253e-02
5.081783e+00
1.538878e+01
1.142906e-03
3.592485e-01
1.687585e+00
9.234322e-04
2.996580e-03
4.002314e-03
2.858698e-01
7.889975e-02
9.357521e-02
9.926517e-02
2.500598e-03
1.372648e+00
1.600513e-01
2.652406e-02
2.342198e-02
2.189192e-01
1.527991e+00
4.700188e+00
6.818209e-04
1.913128e-01
3.855470e+00
2.073682e+00
9.894585e-04
5.331734e-01
1.328967e-03
6.919878e-03
2.663747e-03
1.216459e+01
9.273860e-03
2.390988e-02
4.559101e-02
6.272929e-03
2.128945e-01
7.921154e+00
8.523166e+00
5.554119e+00
4.769042e-03
1.288839e-03
2.452969e-02
2.272085e+02
5.041553e+02
9.535985e-04
9.867614e+01
2.044557e-04
6.207787e+04
2.922549e+01
3.921612e+03
7.554517e+02
7.778499e-01
5.579112e+00
7.057153e+03
9.504615e+02
1.001312e+01
1.343006e+00
1.718716e+03
1.543696e+03
1.542595e+02
2.731776e+02
1.133655e+04
4.331349e+03
8.731958e+04
1.012296e+03
1.965233e-01
1.683400e+02
9.482526e+02
1.398680e+03
3.425282e+02
2.627856e+03
3.739246e+03
2.563787e+01
2.839223e+04
8.876686e+02
3.945509e+02
1.403064e+02
3.061119e+02
4.119192e-03
1.716920e+03
5.190339e+03
5.497676e-01
5.254900e-02
3.803107e+02
7.356770e+01
1.593305e-03
2.436571e+01
4.031418e-02
2.048919e+00
3.480102e+04
2.924153e-01
3.475766e+01
5.430643e-02
1.913109e+00
1.816720e+01
8.004386e+04
4.118748e+01
4.893035e+01
1.806826e+01
2.164485e+02
2.197100e+03
1.703313e-02
1.586486e+03
2.770818e+03
1.264949e+01
1.807099e+01
6.247029e+01
9.001413e-03
1.749821e-01
1.031657e-03
6.576063e+03
4.783269e-01
9.528055e+04
3.696704e-04
5.270858e+04
7.768414e+02
3.577997e-03
3.846344e-02
2.517257e-04
2.037465e-01
1.067115e-01
1.254133e+03
8.553513e+00
3.039464e+02
1.949452e+01
8.434595e-01
2.933003e+00
2.922065e-03
1.039630e-03
1.501944e+00
5.114328e+00
2.977281e+02
1.361560e-01
1.843954e+02
1.571949e+02
1.865620e-01
6.694299e-03
2.323038e+01
3.318566e-01
3.204619e+01
1.775864e+00
1.970713e+01
4.603150e-03
4.709299e+01
3.179000e+01
4.124426e+01
7.537130e-04
8.066303e-02
1.915513e+00
7.549198e-01
3.342264e-02
1.224548e-01
6.578376e+00
4.997250e-01
3.510901e-01
1.379397e+00
5.807386e+00
2.742875e-01
9.451266e-01
8.893393e-02
6.646986e-02
2.172730e-01
4.865746e+01
3.816347e-01
4.457971e+00
8.895519e-02
2.594985e-01
2.003658e+00
1.832853e+00
7.540404e-01
1.748470e+01
1.641089e-02
9.046469e+00
1.001829e+00
7.288111e-02
8.627870e+01
1.322246e-02
4.121368e-02
8.689754e-02
1.289310e+00
4.238065e-02
4.533389e-01
1.318352e-01
1.862043e-02
9.403881e-02
7.460025e-01
3.443131e+02
