9.486615e+01
9.652367e+00
7.887764e-01
6.582478e+01
6.245291e+00
1.987715e-02
3.611300e-02
2.410607e-01
7.533981e-01
9.594268e-01
9.184598e+00
4.575954e-01
1.330577e-02
3.229604e-01
1.792757e-01
1.585559e+01
2.945593e+00
1.052689e+00
2.636966e-01
2.685269e+01
1.546394e-02
2.021050e-02
6.015971e+00
3.183918e+00
6.863320e-02
2.513486e+01
8.950094e-02
6.387203e+01
2.644023e-01
1.085933e-01
6.774537e-03
2.345609e-02
2.280356e-02
2.194691e-02
5.606936e-02
2.326484e-03
3.002724e-01
8.712226e-01
1.286351e-02
4.095684e+01
2.127843e-03
5.902855e+01
2.417805e-03
9.646420e-02
2.625996e-03
5.465961e-02
4.663170e+00
2.537192e+01
1.045398e-03
1.258929e-02
1.217652e-02
1.807485e-01
1.221750e-01
5.055625e-03
3.008583e-01
2.081432e-02
4.004475e-01
5.318759e-04
9.584060e+01
2.098260e-01
6.021357e-02
1.023303e-04
1.306650e-04
6.817394e+00
4.773264e-03
2.496051e-02
3.870764e+01
8.185263e-02
2.040928e-01
6.602960e-04
1.445102e-01
1.932389e+01
1.013852e+01
5.232058e-04
2.231038e+03
1.061906e-04
1.637507e+01
1.061160e+02
8.991337e-04
6.925473e-03
4.723502e+02
2.399831e+04
2.499962e+04
2.294025e+03
8.377499e-03
7.293165e+01
1.034567e+04
2.526570e+01
2.995585e+00
1.249840e+00
4.864258e+01
1.096562e+01
5.601773e+00
3.641061e-02
4.196087e+00
7.657685e+02
3.600801e+01
2.464018e+02
1.552940e+02
2.618654e+01
2.427706e+01
1.657688e+01
6.978255e+01
1.434448e-04
1.640297e+00
1.160213e-04
1.358848e+00
2.004838e-02
3.636937e+00
5.659506e-01
1.075153e+00
1.713369e-03
1.210724e+02
1.229736e+01
2.046961e-01
2.851738e+02
3.040975e+02
1.061206e-01
3.307528e+02
6.388823e+03
1.282848e-03
8.060266e+00
5.426197e-03
3.774304e+02
6.969446e+01
1.546286e+02
6.306989e-03
2.431419e-02
4.839782e+03
1.331980e-02
1.213512e+02
4.154653e+01
5.770267e+01
2.463175e-04
3.743848e+02
7.216373e+03
9.829715e+03
3.287983e+04
2.239840e+00
7.637224e-01
1.370023e+02
1.650964e-04
3.884421e-03
4.974704e-01
9.309164e+02
2.593545e-01
5.171223e-03
2.307195e-02
1.133254e-03
4.587247e+02
9.023697e-01
1.355081e-03
5.901363e-01
3.749438e-01
1.425861e-04
9.928682e+03
6.279107e-01
3.015573e-01
3.587839e+00
5.172581e-01
3.845593e+02
3.405671e+02
2.116635e-01
3.762052e+02
5.382265e+04
4.955381e+02
9.964925e+03
5.260855e+00
9.312640e+03
2.568372e+04
3.264292e-04
1.775751e+00
9.175327e-01
2.466596e+01
3.440659e-02
7.829354e+01
3.199648e-02
1.081672e+01
2.429098e-04
3.064062e+01
9.340047e-03
2.810185e-02
1.069919e+00
9.782520e+00
3.653301e+00
9.494502e+00
1.929632e+00
4.762809e-02
3.347723e+01
1.237228e+01
1.651219e+00
2.483894e-02
1.190884e-02
3.296288e-02
1.093114e+00
5.494358e-02
2.857365e+01
2.226379e-01
7.455158e+01
3.317040e-01
1.071488e+01
3.714078e-02
3.933489e+01
4.433492e-01
4.170638e+01
1.220478e-02
9.647936e+01
7.274682e+01
1.584789e-02
1.100423e-01
2.280747e-02
2.505348e+00
5.874198e-02
2.436301e+00
4.262424e+01
5.796946e+01
1.730374e+00
1.345740e-02
6.081146e+01
1.231616e-01
8.065381e+00
