9.327944e+00
3.032167e-02
2.266670e-01
1.019190e+00
1.088343e-02
3.160844e+01
6.263792e+00
4.230643e-01
1.262735e+01
2.408882e+01
5.697199e-02
2.830854e+00
1.785341e+00
3.013055e+00
8.383652e-01
1.505802e+00
2.994505e-02
7.510830e-02
3.287731e+00
3.298598e-01
5.446487e+00
4.704644e-02
1.092028e+01
1.295773e+01
2.657501e+01
3.090064e-02
1.310833e-01
1.590258e+00
3.777418e+01
1.521986e+01
1.880701e+01
5.890767e-03
6.537949e-03
1.146054e-03
2.742413e-02
2.056715e+01
1.934545e+01
1.196173e-03
2.666090e-01
6.658013e-03
7.890256e-04
2.922747e-03
5.950116e-03
2.741697e-01
1.691938e-02
1.382983e-01
2.666038e-01
1.954628e-03
7.340754e-01
1.364321e-01
1.264689e+00
2.238925e-02
3.400346e-01
1.458329e+00
5.741513e+00
7.018808e-04
4.511381e-01
3.165668e+00
1.159227e+00
9.343233e-04
6.911997e-01
1.609468e-03
4.508749e-03
3.367614e-03
1.211718e+01
1.394131e-02
1.990943e-02
9.404857e-02
6.646208e-03
3.597646e-01
1.902291e+01
6.475289e+00
4.239310e+00
6.991230e-03
2.127901e-03
2.051812e-02
7.024319e-04
6.532180e+01
9.535131e-04
8.025103e+01
4.914880e-04
1.146132e+04
7.218045e+02
4.672280e+03
2.688689e+00
7.976938e-01
3.010237e+00
3.636159e+04
1.051351e+03
3.822084e-02
1.081047e+00
1.326939e+03
4.027228e+03
1.440018e+02
1.719825e+02
1.024582e+04
2.439690e+03
6.443644e+04
9.620680e+02
1.033003e-01
1.915130e+02
7.844053e+02
1.575099e+03
4.870820e+02
3.254412e+03
3.933500e+03
2.042220e+01
4.005575e+04
9.223430e+02
2.060356e+02
1.313648e+02
5.385150e+02
7.624793e-03
2.224447e+03
6.999213e+03
5.302418e-01
5.541986e-02
4.398831e+02
1.147233e+02
1.528635e-04
1.504883e+02
3.625735e-02
2.122431e+00
6.620932e+04
2.697463e-01
3.613737e+01
2.002075e-02
2.672371e-01
2.498589e+03
2.544588e+04
4.058078e+01
1.896889e+01
1.439257e+01
4.711389e+02
4.822389e+02
2.379642e-02
1.496085e+03
3.298388e+03
1.271747e+01
8.785163e+00
5.723026e+01
1.594666e-02
1.870283e-01
6.527829e-04
5.916668e+03
4.411702e-01
7.513066e+04
2.567394e-04
8.967416e+03
1.645954e+02
3.531659e-03
3.796249e-02
3.091153e-04
2.930023e-01
3.833507e-03
1.331934e+03
6.882989e+00
4.792810e+02
2.221808e+01
8.034851e-01
4.322277e+00
2.731295e-03
5.176731e-04
1.878327e+00
2.426933e+01
3.079667e+02
3.908869e+02
1.567311e+02
1.132372e+02
3.761213e-01
1.162244e-04
2.718668e+01
5.856212e-01
1.361832e+01
1.473043e+00
5.095223e+01
7.009321e-03
4.391289e+01
5.153865e+01
3.922884e+01
7.428636e-04
6.006490e-01
1.913947e+00
1.041341e+00
2.748462e-02
1.040987e+01
2.317500e+01
4.742916e-01
3.194889e-01
4.223126e+00
6.320981e+00
2.463027e-01
4.028054e-01
7.814808e-02
4.117952e-02
1.905542e-01
7.655629e+01
3.999770e-01
4.144690e+00
9.524380e-02
1.666350e-01
2.000298e+00
3.106271e+00
9.479736e-01
2.178484e+01
3.871049e+00
7.017005e+00
9.931878e-01
6.375817e-02
7.768117e+01
1.488071e-02
8.606357e-02
1.206735e-01
1.813842e+01
2.894906e-02
7.220508e-01
1.036362e-01
6.153933e-02
7.282789e-02
6.731324e-01
3.588337e+02
