1.335583e+01
3.476392e-02
2.082373e-01
1.014910e+00
1.006397e-02
3.200605e+01
4.706404e+00
1.012445e+00
1.208924e+01
4.952597e+01
4.019842e-02
1.304733e+00
1.652187e+00
3.063450e+00
7.096407e-01
1.413462e+00
3.363740e-02
7.545757e-02
3.011202e+00
3.296506e-01
1.785649e+01
4.918448e-02
9.748416e+00
1.566398e+01
2.487250e+01
8.219924e-02
1.179109e-01
1.568200e+00
5.667410e-02
1.355675e+01
2.637193e+01
8.856063e-03
7.153685e-03
1.307722e-03
2.794040e-02
5.252931e+00
1.575423e+01
8.696837e-04
2.621338e-01
1.698932e+00
9.367243e-04
3.080594e-03
4.946499e-03
2.752934e-01
7.932268e-02
1.097028e-01
1.036823e-01
2.459752e-03
1.102238e+00
1.526483e-01
8.450091e-01
2.488922e-02
2.217870e-01
1.538990e+00
4.800633e+00
6.329851e-04
2.735570e-01
4.366098e+00
1.558865e+00
9.836152e-04
5.854161e-01
1.101341e-03
3.578149e-03
2.570547e-03
1.264043e+01
9.358726e-03
1.809856e-02
6.724891e-02
5.833066e-03
2.448779e-01
8.002242e+00
8.335314e+00
4.080575e+00
5.212637e-03
1.491225e-03
2.212383e-02
2.669603e+02
5.282148e+02
9.793972e-04
8.168202e+01
1.736083e-04
5.288816e+04
2.853856e+01
4.403032e+03
7.106972e+02
4.485241e-01
5.267809e+00
7.691411e+03
9.722324e+02
9.893961e+00
1.245500e+00
1.626660e+03
1.613991e+03
1.556502e+02
2.652919e+02
1.152611e+04
4.153411e+03
9.624334e+04
9.379770e+02
1.665626e-01
1.846513e+02
8.206473e+02
1.364456e+03
3.429436e+02
3.040070e+03
3.346026e+03
2.203036e+01
1.858163e+04
8.681840e+02
5.412060e+02
1.389839e+02
3.146536e+02
4.212216e-03
1.824854e+03
5.798677e+03
6.169954e-01
5.275924e-02
3.738214e+02
6.328588e+01
1.442460e-03
1.715103e+02
3.627654e-02
2.490411e+00
3.970440e+04
2.894136e-01
3.524009e+01
2.826530e-02
1.773650e+00
1.796031e+01
9.297261e+04
4.028548e+01
3.407408e+01
1.744279e+01
3.466976e+02
7.541094e+03
1.791708e-02
1.551371e+03
2.888304e+03
1.311048e+01
1.661651e+01
6.321463e+01
8.248221e-03
1.722386e-01
7.687778e-04
6.897328e+03
4.806550e-01
9.467903e+04
3.498631e-04
6.651122e+04
7.721352e+02
3.552376e-03
3.893430e-02
3.254236e-04
1.874978e-01
6.072992e-02
1.224388e+03
8.832166e+00
2.957039e+02
2.171905e+01
8.223268e-01
2.704716e+00
2.510678e-03
8.310779e-04
1.521574e+00
4.736105e+00
2.975813e+02
3.249508e-01
1.676663e+02
1.426410e+02
1.865692e-01
6.721607e-03
2.391571e+01
3.064271e-01
3.124281e+01
1.756651e+00
4.507661e+01
6.674571e-03
4.293752e+01
6.289712e+01
3.959621e+01
7.650737e-04
8.406118e-02
1.885256e+00
7.406564e-01
3.705675e-02
1.234696e-01
6.509369e+00
4.984002e-01
3.442166e-01
3.857578e+00
5.617226e+00
2.927969e-01
9.110840e-01
8.003166e-02
4.672342e-02
2.152507e-01
5.061532e+01
3.861144e-01
3.804629e+00
9.230561e-02
2.501528e-01
2.085974e+00
2.344431e+00
9.366892e-01
2.649063e+01
1.147736e-02
8.105408e+00
1.022627e+00
6.961043e-02
9.662503e+01
1.122841e-02
5.224079e-02
9.858099e-02
1.503245e+00
4.200819e-02
4.862290e-01
1.656854e-01
5.055533e-02
8.722784e-02
7.197321e-01
3.114987e+02
