2.021115e+01
3.301278e-02
2.200317e-01
5.085283e-01
9.687560e-02
3.264597e+01
9.591837e+01
8.486347e-01
1.092926e+01
9.405778e+01
1.302837e-01
1.288134e+00
2.332904e+01
3.016655e+00
6.983886e-01
1.410761e+00
3.064227e-02
8.181503e-02
3.031568e+00
3.352453e-01
8.813105e-01
4.915497e-02
1.066458e+01
1.625864e+01
2.551622e+01
7.794565e-02
1.318948e-01
1.406934e+00
5.204208e-02
1.862990e+01
9.680811e-02
8.961025e+00
5.876167e-03
1.310810e-03
2.769030e-02
4.692912e+00
1.630622e+01
8.595663e-04
2.396177e-01
2.458159e+00
9.183281e-04
2.559714e-03
4.823831e-03
4.934286e-01
4.340190e-01
8.366015e-02
1.154998e-01
2.479628e-03
1.045675e+00
2.231523e-01
9.926297e-01
2.740650e-02
1.589169e-01
1.669074e+00
4.394000e+00
7.874149e-04
2.746856e-01
3.960629e+00
1.668047e+00
1.614387e-01
2.713446e-01
1.126889e-03
3.671690e-03
2.487907e-03
1.003412e+01
9.386295e-03
2.029633e-02
7.264538e-02
5.408234e-03
1.714123e-01
2.430114e+01
6.959205e+00
3.684361e+00
5.292959e-03
1.054455e-03
2.243750e-02
1.777979e+01
5.038329e+02
7.633162e-04
6.831225e+01
3.021178e-04
5.349278e+04
1.367226e+02
1.504093e+03
6.920835e+02
4.561053e-01
5.029262e+00
8.413889e+03
9.507462e+02
8.029865e+00
2.932695e+00
1.558698e+03
1.691674e+03
1.894188e+02
2.662427e+02
1.160815e+04
3.416345e+03
8.909788e+04
9.568204e+02
1.518187e-01
1.892208e+02
8.124130e+02
1.396134e+03
3.383304e+02
3.139846e+03
3.314086e+03
2.094743e+01
9.050102e+03
1.324153e+02
4.591289e+02
4.799176e+01
5.051656e+02
4.375000e-03
1.732031e+03
4.958060e+03
6.282605e-01
5.133404e-02
3.449887e+02
6.133651e+01
8.911099e-03
8.812107e+01
3.368337e-02
2.691140e+00
3.861427e+04
2.209263e-01
3.374784e+01
2.556668e-02
1.855383e+00
1.739280e+01
9.084045e+04
4.005394e+01
3.694855e+01
1.368075e+01
4.010359e+02
5.936354e+03
1.857641e-02
1.560363e+03
3.064041e+03
1.306034e+01
1.612698e+01
6.185010e+01
5.463921e-03
1.212183e-01
7.366492e-04
3.440137e+03
4.746061e-01
6.401566e+04
3.539465e-04
5.255590e+04
7.887015e+02
3.654280e-03
3.959502e-02
1.000403e-04
2.501794e-01
1.125942e-01
1.239524e+03
8.868196e+00
2.764944e+02
2.185486e+01
9.324056e-01
2.595780e+00
2.725791e-03
1.413371e-03
3.410394e+01
4.875723e+00
2.989747e+02
4.147550e-02
1.769317e+02
1.161865e+02
3.585949e-02
7.053819e-03
2.396641e+01
3.445712e-01
3.517374e+01
1.733594e+00
1.007978e+00
5.980026e-03
4.147318e+01
6.723937e+01
3.740668e+01
9.812369e-04
9.183260e-02
1.898624e+00
8.052214e-01
3.741203e-02
1.588237e-02
3.768019e+00
4.977813e-01
3.310027e-01
3.798779e+00
5.506676e+00
2.929900e-01
8.566381e-01
8.198585e-02
4.778353e-02
2.122486e-01
7.711731e+01
4.493093e-01
3.813486e+00
9.172453e-02
2.577310e-01
2.109553e+00
2.356427e+00
9.061950e-01
2.128255e+01
1.729333e-02
3.544208e+01
1.018053e+00
6.781738e-02
5.864613e+01
1.528085e-02
8.397132e-02
9.918583e-02
1.475404e+00
4.201612e-02
5.007000e-01
1.056421e-01
5.534802e-02
8.803844e-02
7.193158e-01
3.310292e+02
