2.022964e+01
3.299467e-02
2.195484e-01
5.077953e-01
9.666128e-02
3.271971e+01
9.624499e+01
8.479628e-01
1.086306e+01
9.844764e+01
1.299387e-01
1.288535e+00
2.330305e+01
3.381710e+00
6.998687e-01
1.411523e+00
3.074634e-02
7.501444e-02
3.031350e+00
3.354214e-01
8.936701e-01
4.919076e-02
1.072234e+01
1.631305e+01
2.549440e+01
8.031374e-02
1.326689e-01
1.402631e+00
5.207123e-02
1.871738e+01
9.686759e-02
9.026338e+00
5.897642e-03
1.311675e-03
2.754920e-02
4.696343e+00
1.628704e+01
8.598146e-04
2.366761e-01
2.476928e+00
9.183123e-04
2.576216e-03
4.755585e-03
4.924235e-01
4.295461e-01
8.355624e-02
1.152619e-01
2.452469e-03
1.043900e+00
2.229877e-01
9.957988e-01
2.735607e-02
1.606386e-01
1.716777e+00
4.388504e+00
8.033965e-04
2.750255e-01
5.883110e+00
1.666821e+00
1.668575e-01
2.727673e-01
1.127244e-03
3.665466e-03
2.459584e-03
9.985192e+00
9.372104e-03
2.004327e-02
7.182988e-02
5.226258e-03
1.710840e-01
2.456020e+01
7.019084e+00
3.679424e+00
5.291451e-03
1.966974e-03
2.244951e-02
1.772788e+01
5.043610e+02
7.570803e-04
6.849151e+01
3.261379e-04
5.285392e+04
1.368645e+02
1.477603e+03
6.961833e+02
4.593191e-01
3.986527e+00
7.939972e+03
9.461753e+02
8.020401e+00
2.938677e+00
1.556549e+03
1.691385e+03
1.917756e+02
2.674571e+02
1.159380e+04
2.924811e+03
9.662990e+04
9.090296e+02
1.511308e-01
1.891925e+02
8.166495e+02
1.393177e+03
3.378047e+02
3.132121e+03
3.310903e+03
2.099269e+01
9.177295e+03
1.323445e+02
4.565497e+02
4.803984e+01
4.964505e+02
3.981454e-03
1.667654e+03
4.989942e+03
6.293521e-01
5.139264e-02
3.459605e+02
6.091166e+01
9.156432e-03
8.836382e+01
3.403726e-02
2.689402e+00
4.476640e+04
2.197940e-01
3.372649e+01
2.527226e-02
1.857759e+00
1.737666e+01
9.478192e+04
3.995149e+01
3.707208e+01
1.320683e+01
4.012611e+02
5.198738e+03
1.853970e-02
1.569328e+03
3.072508e+03
1.317233e+01
1.657199e+01
6.190838e+01
4.974789e-03
1.216757e-01
7.343319e-04
3.446238e+03
1.013813e+04
6.352298e+04
3.542510e-04
5.404952e+04
7.895108e+02
3.647625e-03
3.964018e-02
1.004695e-04
2.495104e-01
1.149458e-01
5.699154e+02
8.423626e+00
2.720652e+02
2.062563e+01
9.476493e-01
2.587536e+00
2.700159e-03
1.406591e-03
3.411041e+01
4.871601e+00
2.980995e+02
4.142284e-02
1.768983e+02
1.167524e+02
4.322387e-02
7.079146e-03
2.393091e+01
3.448296e-01
3.517564e+01
1.739051e+00
1.000278e+00
5.995708e-03
4.129797e+01
6.820255e+01
3.738097e+01
9.816340e-04
9.106342e-02
2.224888e+00
8.026432e-01
3.679305e-02
1.579152e-02
3.770189e+00
4.983667e-01
3.318348e-01
3.817926e+00
5.511011e+00
2.938143e-01
8.573986e-01
8.194488e-02
4.772756e-02
2.096479e-01
7.811094e+01
4.523591e-01
3.812776e+00
9.278965e-02
2.534485e-01
2.111162e+00
2.357861e+00
9.088382e-01
2.130686e+01
1.730657e-02
3.621693e+01
1.016137e+00
7.063528e-02
2.599036e+01
1.000811e-02
8.352453e-02
9.935797e-02
1.474910e+00
4.388439e-02
5.008231e-01
1.026648e-01
5.541020e-02
9.564754e-02
7.198720e-01
3.309333e+02
