4.148990e+00
5.993314e-01
9.664767e+01
1.489286e+01
2.134242e+01
2.807029e-02
9.952569e+01
1.014081e-02
4.294951e-01
2.914529e-01
2.500789e+01
1.695531e-02
4.936822e+00
5.723954e+01
9.484562e-02
1.312566e+00
5.441619e-02
1.826791e-01
1.602333e+00
5.645677e-02
1.087560e+00
6.265203e+00
4.615750e+00
5.795992e-02
1.238408e+00
5.050253e-02
5.579607e+00
1.075129e-01
9.347251e-02
1.918484e-01
4.062598e+01
4.710146e-01
1.569375e-01
1.703594e-01
5.399351e-02
1.442665e+00
9.808356e+00
4.443339e-01
3.897514e-02
1.328415e-02
1.113121e-01
4.785399e-03
5.720455e-03
3.640973e+00
1.133788e-01
5.968511e+00
4.593140e-01
4.180505e-01
7.692449e-01
1.046086e-04
1.620944e-02
1.048184e-01
1.088042e+00
3.894134e-01
5.546911e+00
1.047659e-03
4.913209e-01
1.680775e-01
3.097190e+00
4.111106e+00
1.362324e+01
1.760239e-03
5.254500e-03
1.121829e-02
5.772948e-02
2.610895e-01
1.221179e-03
2.337734e-03
2.411459e-02
1.971206e+01
2.313035e-03
2.385224e+00
1.284252e+01
1.311094e-02
2.854501e+01
1.197362e+00
6.674622e+04
1.000170e+03
4.064384e+00
1.984665e-02
4.876599e-02
5.852290e+01
5.500857e+00
5.025127e+04
9.649472e-01
2.830383e-02
2.137674e+02
1.471532e+03
1.671415e+00
4.518284e+03
2.021774e+01
1.942539e+00
2.187875e+01
1.994398e+04
1.025374e+03
6.071643e+01
3.245421e+00
8.006737e-04
7.523599e+00
3.047061e-01
1.486204e+01
5.082060e+02
3.236595e+02
2.675281e-03
1.897942e+01
2.076152e+01
5.926805e+01
4.415300e+01
5.208380e+02
5.725149e+03
4.139549e+02
7.254158e+02
7.836855e-03
1.490296e+00
3.411302e-02
2.810799e+01
2.370704e+00
3.418314e+01
7.820395e-02
3.717666e+02
3.461801e+01
2.112212e+00
5.389090e+01
1.789745e+00
3.036651e+03
1.922957e-04
3.758292e+03
4.593890e+00
1.000277e+00
1.562409e+01
2.016513e+03
6.260100e+02
8.899583e+00
2.964981e-03
8.558104e+02
1.323612e+03
4.236347e+00
8.517362e+02
1.248166e+02
1.438339e-01
9.508469e+03
7.586206e-04
5.974755e-02
5.318796e+03
4.030551e+02
8.538238e+00
2.689530e-02
2.976385e-02
4.103388e+00
7.220074e+02
1.374541e-01
1.348369e-03
6.635625e-02
2.498490e-01
8.687552e-02
3.378634e-04
1.344834e+03
6.397572e-03
2.923293e+00
1.061882e+03
5.377579e-01
2.571692e+00
1.251109e-03
1.207346e+01
2.412899e+01
7.404468e+02
1.054352e+02
3.557910e+02
8.869286e-02
7.703334e-03
1.078116e-04
7.237273e+03
5.187958e-02
3.986313e+02
9.740996e+00
3.364730e+02
8.172458e+01
4.866618e+01
1.736308e+04
4.290439e+02
1.833012e-02
1.856922e-03
9.826128e+00
4.597302e-01
1.068541e-01
2.208757e+00
3.851653e+00
1.844738e+01
7.658836e-01
3.971980e-01
1.042578e+00
1.478438e+00
1.777012e-01
4.248559e+00
1.480942e-01
8.604766e-01
1.334952e+00
3.749742e-02
3.736628e+00
5.841213e+01
2.326297e-01
6.543037e+01
5.061289e+00
4.462187e-01
2.748573e-02
2.038688e+00
1.225608e+01
2.826898e+00
1.284475e+01
9.374419e-01
2.571004e+00
2.686306e+00
3.156061e-01
5.556455e-02
5.258341e-02
7.852630e-01
1.130411e+00
8.896402e-02
1.545633e-01
2.194796e+00
3.048038e+00
