1.382610e+01
3.430174e-02
2.062150e-01
1.022161e+00
8.500845e-02
3.054678e+01
4.750683e+00
1.000986e+00
1.146610e+01
8.929446e+01
4.529709e-02
1.268942e+00
1.605974e+00
3.121612e+00
7.422493e-01
1.423476e+00
3.299711e-02
8.574174e-02
3.007412e+00
3.447019e-01
1.770594e+01
4.897247e-02
9.686819e+00
1.586645e+01
2.534752e+01
8.352928e-02
1.010533e-01
1.536950e+00
4.590799e-02
1.288225e+01
2.660251e+01
8.821950e-03
6.952706e-03
1.251210e-03
2.810757e-02
4.943298e+00
1.537955e+01
9.928025e-04
3.649784e-01
1.954313e+00
9.790632e-04
3.144670e-03
4.672694e-03
2.875378e-01
7.984635e-02
1.093591e-01
1.040954e-01
2.522002e-03
1.389013e+00
1.615601e-01
8.760984e-01
2.496034e-02
2.223016e-01
1.555579e+00
4.757925e+00
6.957463e-04
2.706998e-01
4.080986e+00
1.557879e+00
9.817864e-04
5.495303e-01
1.068732e-03
3.804684e-03
2.462592e-03
1.318446e+01
9.274770e-03
1.782498e-02
6.750889e-02
5.850453e-03
2.466814e-01
7.279608e+00
8.411288e+00
4.306080e+00
4.848319e-03
1.315205e-03
2.411745e-02
2.247022e+02
5.272291e+02
9.705235e-04
8.274536e+01
2.250931e-04
5.874610e+04
2.970576e+01
4.168680e+03
6.753847e+02
4.476990e-01
5.340705e+00
7.107296e+03
9.259361e+02
9.928593e+00
1.283074e+00
1.682597e+03
1.549868e+03
1.456219e+02
2.660089e+02
1.127238e+04
4.124227e+03
9.414769e+04
8.976744e+02
1.928473e-01
1.824851e+02
8.340327e+02
1.407574e+03
3.427211e+02
3.001365e+03
3.372146e+03
2.732490e+01
1.876151e+04
8.648303e+02
3.903285e+02
1.373629e+02
3.100381e+02
4.383752e-03
1.766670e+03
5.587750e+03
5.957853e-01
5.710551e-02
3.775535e+02
6.588502e+01
1.570914e-03
1.793991e+02
3.560604e-02
2.458684e+00
3.491955e+04
2.889837e-01
3.548364e+01
3.078359e-02
1.823863e+00
1.819336e+01
7.859071e+04
4.033391e+01
3.398619e+01
1.758275e+01
3.396459e+02
2.043455e+03
1.715620e-02
1.583475e+03
2.298147e+03
1.267433e+01
1.798422e+01
6.328396e+01
8.415983e-03
1.804382e-01
8.928463e-04
6.596065e+03
4.811069e-01
9.046182e+04
3.655506e-04
4.850576e+04
7.838691e+02
3.560341e-03
3.836947e-02
3.316453e-04
1.781873e-01
7.673556e-02
1.334482e+03
8.757457e+00
3.197049e+02
2.072304e+01
8.319545e-01
2.917945e+00
2.475214e-03
9.423438e-04
1.445841e+00
4.529721e+00
2.860399e+02
1.679247e-01
1.729701e+02
1.436210e+02
1.860391e-01
6.760088e-03
2.359437e+01
3.233085e-01
3.192816e+01
1.721736e+00
2.009442e+01
6.354015e-03
4.326469e+01
6.210860e+01
4.004147e+01
7.635344e-04
8.143010e-02
1.782894e+00
7.461423e-01
3.355829e-02
1.243824e-01
6.527998e+00
5.092878e-01
3.454639e-01
3.429898e+00
5.429978e+00
2.817455e-01
9.134484e-01
8.039255e-02
5.216582e-02
2.165257e-01
5.079958e+01
3.862799e-01
3.818580e+00
8.981494e-02
2.520050e-01
2.072588e+00
2.336170e+00
9.253035e-01
2.604624e+01
1.734172e-02
8.093898e+00
1.008205e+00
7.242943e-02
9.302693e+01
1.119651e-02
4.068102e-02
1.000317e-01
1.517824e+00
4.269292e-02
4.575877e-01
1.660887e-01
4.973157e-02
9.237093e-02
7.290264e-01
3.192313e+02
