3.811336e-02
1.429522e+00
7.397377e-01
7.748685e-01
3.746194e+00
2.025134e+01
4.962158e+00
6.420824e-02
7.185813e+00
5.541550e-01
6.357505e-01
2.982044e-01
9.281218e+00
1.264628e+00
4.134295e-01
5.672068e-02
3.833232e-02
1.360198e+01
3.582760e-01
3.383358e-02
3.369719e+00
5.811867e-01
5.753747e-01
8.621337e-02
3.149082e-02
1.119259e-01
7.408663e-01
1.910698e+01
3.598402e+00
3.453293e+00
1.007083e-02
3.241244e-03
2.062462e+00
1.705004e+00
2.226598e-04
1.411171e-02
1.837042e+01
7.878592e-04
1.267152e-02
3.436381e-01
8.887165e-01
8.554016e-04
2.461354e-01
1.880970e-02
1.006594e-03
2.697677e+01
2.523122e+00
4.862888e+00
9.851856e+01
4.891616e-03
4.379520e-01
1.287630e-02
9.515283e-01
2.241046e-04
3.896047e-03
1.856109e+00
9.120650e-02
5.907027e-02
3.889271e-04
3.422343e-03
5.551703e-02
1.038965e+01
5.503525e+00
3.285202e+01
7.852933e-02
2.409126e-03
1.070394e-03
1.891664e+01
9.492432e-02
2.199182e+01
1.579752e-02
1.647170e+00
1.672009e-03
1.574119e+01
2.540697e+02
3.687631e-01
9.885801e-03
4.550410e-02
7.479768e+01
5.354623e+03
7.547323e+00
2.527240e-02
3.406903e+03
2.731533e+02
4.344281e-03
1.540611e-01
2.496362e+04
2.899256e+02
1.796944e+01
3.389605e+00
2.552815e+01
1.100802e+01
6.966758e+00
9.579300e+03
1.922515e+03
2.111238e+00
3.054717e+00
9.155906e+02
9.671213e+01
1.666777e+01
1.848026e+03
4.572706e+03
1.423680e+01
2.261606e+01
1.625117e+02
1.099331e+02
4.780163e+00
3.571173e+02
4.423409e+01
1.637070e+00
2.997862e+03
3.248996e-01
1.446150e-01
1.904071e+00
5.789040e+01
4.750660e-01
2.167867e+03
1.538549e+01
9.648942e+04
7.595616e-02
3.720500e-03
9.328888e-01
1.124825e-01
1.310404e+00
2.651556e+01
1.666474e-04
2.081462e-03
3.159316e+00
4.730413e+03
3.328918e-03
3.025959e+00
4.418628e+02
1.110521e+02
3.185382e+01
1.253956e+03
5.278270e+01
2.564420e+00
4.678476e+03
1.078460e+03
4.743819e-03
8.658171e+00
2.990989e-03
1.288088e-01
6.249402e-04
4.896556e+02
4.473184e-03
7.394362e+01
2.699453e-03
6.068670e+01
8.046727e+01
3.618766e-04
1.082757e-01
3.492685e+03
6.848700e-03
3.652497e+03
1.987288e+01
2.517699e-04
3.110566e-03
2.892909e+00
1.512695e-02
1.070597e+00
6.990110e-01
8.353850e+03
4.476932e+03
1.537290e-01
1.101851e+01
9.559682e+04
4.896502e+00
8.590421e+00
9.204692e-01
9.054509e-03
5.239432e-02
9.233991e+03
3.155954e+00
2.264728e+00
1.360496e+03
9.403165e-02
4.087272e+03
1.589437e-02
4.946709e+00
4.494481e-04
1.117722e-02
1.147793e+00
4.081383e-01
1.489958e+00
3.524947e-01
1.825407e+00
1.233302e-01
7.929232e-01
4.085761e+01
1.957695e+00
5.462788e+00
9.375039e-02
8.435607e+00
1.812043e+00
7.242435e-01
8.146859e-02
4.154655e-02
1.706373e+00
1.592034e+00
9.229888e-02
2.392387e+01
7.864144e-02
6.323126e+01
1.844109e+00
2.643892e-01
9.533171e-02
1.218337e+01
1.495518e-01
1.860575e+01
1.210013e-01
3.009379e-01
5.352867e+00
6.919366e+00
4.079677e-01
4.893036e+00
1.207565e+01
8.829432e-01
7.700181e+01
1.082601e-01
1.978344e+00
