4.715013e-01
2.437770e-02
4.973892e-02
1.686362e-02
8.773482e-01
2.034572e+01
9.791757e-02
2.161015e-01
2.405843e+00
2.748040e+01
3.904879e-02
7.406757e-02
1.812969e+01
3.486427e+00
2.416138e-01
8.956228e+00
1.800445e+01
9.742853e+00
2.950927e-01
1.416064e+01
8.466522e-02
8.755924e-01
1.977757e-01
2.314473e+01
2.468080e+00
3.792415e-01
4.791062e-02
2.224775e-01
6.863199e-02
1.236653e+01
3.927502e+01
5.746389e-02
2.902562e-02
3.602960e-04
3.824384e-02
2.498671e-03
2.388007e+01
4.137457e-01
4.573553e-03
2.007855e-03
3.996026e-02
4.887168e-02
1.494568e+00
3.581348e+01
1.348423e-03
1.523721e-01
1.363357e-03
3.814545e-01
1.558546e-02
4.247861e-04
6.321513e+00
2.926671e+00
2.701563e-03
1.326769e+01
7.743488e-03
3.991934e+01
2.708389e-03
4.695567e-03
4.074773e-01
1.373344e-01
3.126603e-03
5.388280e+00
4.121472e-02
6.730168e-03
4.659978e-03
3.419917e-03
7.939022e-02
2.028856e-01
2.419989e+00
1.119409e-01
1.290734e+01
3.694710e+00
3.291712e-01
2.082251e-01
5.567649e+03
4.807816e+00
2.539825e+03
6.102540e-01
5.621023e-03
3.167799e-02
2.511822e-02
2.994742e+04
6.909159e-02
1.135479e+00
1.724540e+03
2.399411e+02
3.797258e+03
5.434984e+01
1.136704e+03
1.579479e+01
2.547515e+00
1.229583e+03
8.245373e+01
3.295211e-03
7.272651e+02
2.233294e+00
8.285201e+02
5.313148e-01
1.478877e+01
1.615941e-01
1.804073e+01
2.480634e+02
9.502136e+03
3.327945e-03
4.509060e+01
1.140668e-03
6.779962e+02
8.707304e+03
2.080202e+00
1.396007e-01
2.420167e+03
3.305664e+01
1.452159e+01
5.539280e-03
8.430896e-04
6.112952e-02
2.507604e-04
2.682584e+02
7.751848e+02
5.379001e+02
8.094425e-01
1.390603e-02
1.215159e-01
2.325676e+01
4.109965e+00
5.703397e-03
5.094367e-03
3.850778e+01
3.305716e+02
2.996809e+02
1.633658e+03
1.994430e+02
5.278630e+01
1.707009e-03
1.253645e+03
7.842174e-01
2.259126e+01
2.304691e-02
4.015172e+02
2.487950e+04
2.681249e+01
3.081434e-03
7.411482e-02
1.102603e+04
1.012818e+00
1.756646e+00
1.051535e-01
3.797661e-01
3.007069e+03
2.257985e+02
2.203599e-04
9.679939e-01
1.570687e+00
3.232823e-03
1.340282e+01
1.307242e-04
2.890153e-04
3.916201e+00
1.876555e-02
2.236377e-04
4.749821e-01
2.706042e-04
7.358160e+00
2.480794e+03
4.588593e+02
9.904723e+02
6.606234e-02
7.106004e+00
1.251968e-01
1.813736e-01
9.065742e-04
1.863877e+04
1.942095e+02
9.647942e+02
5.602028e-02
4.186917e+02
1.413504e+03
2.312665e+02
6.040037e+01
1.063290e+00
2.380594e-01
1.072353e-02
4.328406e+00
1.121932e-01
1.804234e-01
2.279337e-01
1.282081e+01
6.873536e-01
2.844197e-01
6.372341e-01
1.714344e+01
8.164204e-01
7.947047e-02
1.563998e+01
8.314604e-02
9.243708e+00
3.037075e-02
3.509274e-01
1.324097e+00
1.637070e-01
6.613665e-01
4.126968e+01
8.634930e-02
4.049637e+00
2.320080e+00
2.408600e-01
1.050518e+01
7.722165e+00
4.269937e-01
5.910720e+00
4.642089e-02
6.294886e-02
2.395119e-02
2.670932e-01
1.919750e-01
1.074244e+00
3.556188e-02
1.006553e-02
3.190792e-02
2.922236e+01
4.233103e+00
