3.700875e-01
2.514368e-02
5.734338e-02
1.566690e-02
9.658308e-01
2.061109e+01
1.028218e-01
1.836100e-01
2.385480e+00
2.552237e+01
4.009814e-02
7.789473e-02
1.776982e+01
3.616923e+00
2.365135e-01
9.493005e+00
1.300411e+01
1.068010e+01
3.159822e-01
1.306805e+01
8.020143e-02
8.501342e-01
1.909435e-01
2.421454e+01
2.446666e+00
4.153583e-01
4.352412e-02
2.268496e-01
8.532227e-02
2.205399e+01
5.903717e+01
6.500688e-02
2.659444e-02
2.448996e-04
3.677630e-02
2.341569e-03
2.367057e+01
4.077752e-01
2.056891e-02
1.923201e-03
3.717615e-02
4.882657e-02
1.316139e+00
4.812470e+01
1.095869e-03
1.323402e-01
1.338192e-03
3.800036e-01
1.842642e-02
1.496245e-04
6.418943e+00
2.865314e+00
3.219950e-03
1.206021e+01
7.889051e-03
2.980621e+01
2.865116e-03
4.337168e-03
4.873114e-01
1.395841e-01
2.896398e-03
6.017113e+00
3.896122e-02
1.351471e-02
5.096451e-03
3.293372e-03
8.890497e-02
1.687240e-01
2.432622e+00
1.152422e-01
1.352702e+01
6.569955e+00
3.384052e-01
2.072477e-01
6.595055e+03
7.779388e+00
1.855610e+03
5.398570e-01
5.008100e-03
1.901023e+01
1.801573e-02
3.405897e+04
6.926602e-02
1.331244e+00
1.238588e+03
2.996141e+03
3.335921e+04
5.119699e+01
1.222557e+03
1.327892e+01
3.163675e+01
4.243530e+02
8.749691e+01
3.091813e-03
1.940246e+00
5.148769e+00
7.188484e+02
4.898500e-01
1.420624e+01
1.653087e-01
1.555370e+01
1.873396e+02
8.297040e+03
2.293352e-03
4.399381e+01
9.798801e-04
6.351747e+02
8.311890e+03
2.596007e+00
1.210135e-01
2.300865e+03
2.557244e+01
1.394898e+01
5.534114e-03
1.104915e-03
3.549944e-03
6.369025e+04
2.683482e+02
9.862415e+02
7.657633e+02
7.785060e-01
1.329357e-02
1.165320e-01
2.352145e+01
3.643560e-04
5.750528e-03
6.464625e-03
3.948436e+01
3.447798e+02
2.940453e+02
1.714361e+03
2.335456e+02
5.212278e+01
7.487029e-04
1.232439e+03
2.250691e-01
2.223686e+01
2.987372e-02
3.910127e+02
2.137702e+04
2.728502e+01
3.109098e-03
6.552621e-02
1.683407e+04
1.214830e+00
2.906432e+00
7.211219e-02
2.893016e-01
3.095873e+03
1.362101e+02
2.160622e-04
5.103830e-01
5.656345e+00
3.425158e-03
9.107327e+00
2.187986e-04
2.795620e-04
3.439447e+00
1.865045e-02
3.088746e-04
9.265215e-01
3.142874e-04
6.177786e+00
2.447953e+03
5.155518e+02
1.351131e+03
7.784312e-02
4.247881e+00
1.084883e-01
2.031805e-01
8.216146e-04
1.964988e+04
1.440114e+02
1.160399e+03
6.868851e-02
4.191660e+02
1.521571e+03
2.262122e+02
3.901257e+01
2.200367e+00
2.447729e-01
5.883854e-03
4.406141e+00
1.101321e-01
1.896453e-01
1.895119e-01
1.334833e+01
6.685520e-01
3.016491e-01
5.859107e-01
2.049115e+01
1.376008e+00
7.951438e-02
1.459532e+01
9.617646e-02
8.944460e+00
2.884982e-02
3.560598e-01
1.267371e+00
2.050329e-01
5.419992e-01
4.082918e+01
9.397417e-02
4.497746e+00
2.215294e+00
2.500692e-01
1.222134e+01
8.006984e+00
4.282826e-01
5.977642e+00
4.444813e-02
7.210629e-02
2.306937e-02
2.762533e-01
3.083479e-01
1.092465e+00
3.403778e-02
1.015006e-02
2.816983e-02
5.883901e+01
4.138206e+00
