3.697074e-01
2.533782e-02
5.630273e-02
1.449535e-02
1.122637e+00
2.136668e+01
1.604030e-01
1.886323e-01
2.441810e+00
2.184330e+01
3.949684e-02
8.357899e-02
1.789707e+01
3.483635e+00
2.350131e-01
9.379361e+00
1.311967e+01
1.069224e+01
2.637481e-01
1.446380e+01
7.001859e-02
8.990717e-01
1.929349e-01
2.496781e+01
2.487681e+00
4.139832e-01
4.505892e-02
2.130272e-01
8.132475e-02
2.187060e+01
4.987478e+01
6.885372e-02
2.517053e-02
2.440260e-04
3.764905e-02
2.405637e-03
2.600990e+01
4.123420e-01
2.024731e-02
1.882358e-03
3.602206e-02
4.981511e-02
1.271229e+00
7.843397e+01
1.136381e-03
1.339534e-01
1.560353e-03
3.782206e-01
1.804911e-02
1.608301e-04
5.988971e+00
2.966351e+00
2.898722e-03
1.136387e+01
7.508496e-03
3.052143e+01
2.731425e-03
3.576992e-03
4.854310e-01
1.208725e-01
2.993343e-03
6.705431e+00
3.836799e-02
3.153569e-03
5.139586e-03
3.425469e-03
7.282958e-02
1.725552e-01
2.460030e+00
8.651371e-02
1.383276e+01
6.700749e+00
3.312561e-01
2.051960e-01
6.640200e+03
1.288404e+01
1.518971e+03
4.905614e-01
4.925435e-03
1.949005e+01
1.798987e-02
3.005510e+04
6.948464e-02
1.266469e+00
1.219317e+03
7.205843e+03
3.256004e+04
4.988960e+01
1.218251e+03
8.509329e+00
1.074338e+02
4.547976e+02
8.497719e+01
3.260756e-03
2.836535e+00
5.562393e+00
7.353046e+02
4.798564e-01
1.435791e+01
1.601979e-01
1.455311e+01
1.815634e+02
6.639111e+03
2.981442e-03
3.342484e+01
9.439751e-04
7.088902e+02
8.458278e+03
2.463239e+00
1.489504e-01
2.265321e+03
2.493975e+01
1.618382e+01
5.722075e-03
1.094571e-03
3.678146e-03
7.236500e+04
1.967482e+02
9.856101e+02
7.635795e+02
2.562396e-01
1.401082e-02
1.202179e-01
2.311234e+01
4.500337e-04
5.471325e-03
5.803924e-03
1.443927e+02
3.457399e+02
3.298426e+02
1.656078e+03
2.434925e+02
5.328180e+01
2.402451e-03
1.245444e+03
2.199285e-01
2.367084e+01
2.766412e-02
3.908191e+02
1.611412e+04
2.743517e+01
3.074740e-03
6.513272e-02
1.540035e+04
1.438802e+00
7.603287e+00
7.375976e-02
2.788146e-01
2.821118e+03
1.110895e+02
2.063586e-04
4.855520e-01
6.341554e+00
3.448835e-03
1.114283e+01
4.501178e-04
2.850952e-04
3.332226e+00
2.013034e-02
3.490414e-04
9.163958e-01
3.741177e-04
5.564677e+00
2.451467e+03
5.113652e+02
1.321907e+03
6.968666e-02
3.858521e+00
1.050923e-01
2.371243e-01
7.987149e-04
2.609484e+04
1.417214e+02
1.162031e+03
6.509033e-02
4.111095e+02
1.314606e+03
2.751258e+02
4.423049e+01
2.270667e+00
2.418880e-01
6.247019e-03
4.410073e+00
1.106736e-01
1.903469e-01
1.857029e-01
1.521190e+01
6.536345e-01
2.941362e-01
5.974115e-01
1.934958e+01
1.321596e+00
6.287650e-02
1.419239e+01
9.535443e-02
1.006064e+01
2.962292e-02
3.548747e-01
1.329420e+00
2.142082e-01
5.367341e-01
4.177413e+01
9.304803e-02
4.932794e+00
2.212868e+00
1.882838e-01
1.198506e+01
7.971291e+00
4.297977e-01
6.151013e+00
3.842801e-02
7.125217e-02
2.782461e-02
2.715260e-01
3.094051e-01
1.040096e+00
2.988941e-02
1.048604e-02
2.864441e-02
5.628785e+01
4.125153e+00
