3.891683e-01
2.587721e-02
5.763412e-02
1.733237e-02
9.594770e-01
2.039974e+01
1.028906e-01
3.006803e-01
2.686378e+00
2.598027e+01
4.028531e-02
7.788287e-02
1.819704e+01
3.624995e+00
2.350343e-01
1.125658e+01
1.300759e+01
9.668935e+00
3.149948e-01
1.302403e+01
8.008123e-02
8.616809e-01
1.912796e-01
2.712014e+01
2.464121e+00
4.110520e-01
4.371534e-02
2.236667e-01
8.507481e-02
2.226384e+01
4.463581e+01
8.089012e-02
2.683290e-02
7.229162e-04
3.585851e-02
2.351932e-03
2.435801e+01
4.049734e-01
2.073244e-02
1.912655e-03
3.843658e-02
4.279809e-02
1.336530e+00
4.381437e+01
9.903262e-04
1.391972e-01
1.245564e-03
3.491730e-01
1.713923e-02
2.558708e-03
5.073290e+00
2.844639e+00
3.214917e-03
1.240290e+01
7.883781e-03
3.232492e+01
2.764620e-03
5.073592e-03
4.709391e-01
1.415530e-01
2.778901e-03
6.077354e+00
3.912201e-02
1.449286e-02
4.605573e-03
3.333972e-03
8.765154e-02
1.669411e-01
2.297146e+00
1.116266e-01
1.318051e+01
6.459451e+00
3.553200e-01
1.995864e-01
6.255545e+03
7.882809e+00
2.722089e+03
5.923946e-01
4.748346e-03
1.849907e+01
1.801413e-02
3.517863e+04
7.282853e-02
1.528055e+00
1.345110e+03
2.674336e+03
2.033264e+04
5.164742e+01
1.222987e+03
4.110581e+01
3.158216e+01
4.683468e+02
8.718643e+01
3.313384e-03
1.385771e+02
5.075410e+00
7.169373e+02
4.867144e-01
1.405503e+01
1.500737e-01
1.537818e+01
1.781569e+02
6.417248e+03
1.414221e-03
4.323181e+01
4.149855e-04
6.539204e+02
8.713732e+03
2.509665e+00
1.208738e-01
2.265522e+03
2.602748e+01
1.369379e+01
5.229113e-03
1.065073e-03
3.634645e-03
6.994879e-04
2.587649e+02
9.973539e+02
7.398310e+02
7.600763e-01
1.290922e-02
1.128659e-01
2.329637e+01
3.310260e-04
5.950887e-03
6.408622e-03
3.890778e+01
3.347642e+02
2.971197e+02
1.752788e+03
2.694578e+02
5.046873e+01
7.605848e-04
1.191232e+03
2.248191e-01
2.248392e+01
3.018422e-02
4.034716e+02
1.495059e+04
2.763641e+01
3.044974e-03
6.455435e-02
1.520251e+04
1.282493e+00
2.860479e+00
6.911766e-02
2.888138e-01
3.060158e+03
1.395481e+02
5.025260e-04
5.408073e-01
5.722915e+00
3.212470e-03
9.043775e+00
2.178085e-04
1.893164e-04
3.434009e+00
3.842543e-02
1.350448e-04
9.271232e-01
3.414881e-04
5.014068e+00
2.486668e+03
5.175491e+02
1.581961e+03
7.623724e-02
4.185876e+00
1.707482e-01
2.112759e-01
8.353710e-04
1.580725e+04
1.515502e+02
1.276377e+03
6.636070e-02
4.207240e+02
1.795481e+03
2.272979e+02
3.890107e+01
1.068295e+00
2.641312e-01
1.026060e-02
4.232476e+00
1.099330e-01
1.868065e-01
1.906521e-01
1.428485e+01
6.708166e-01
3.217432e-01
5.047997e-01
2.046580e+01
1.322507e+00
6.684273e-02
1.478538e+01
9.715903e-02
9.073041e+00
3.019302e-02
3.645537e-01
1.257630e+00
1.690513e-01
5.638549e-01
4.055715e+01
9.606004e-02
4.413818e+00
3.374227e+00
2.489509e-01
1.335909e+01
7.432966e+00
4.177385e-01
5.908285e+00
4.369156e-02
6.952050e-02
2.095232e+01
2.702412e-01
3.011282e-01
1.092803e+00
3.535050e-02
1.008401e-02
3.922908e-02
4.720008e+01
4.111596e+00
