4.170301e-01
2.511468e-02
5.676770e-02
1.716356e-02
9.693524e-01
1.967507e+01
1.029915e-01
3.157143e-01
2.583233e+00
4.723948e+01
4.062267e-02
7.463319e-02
1.814993e+01
3.630152e+00
2.450665e-01
1.113782e+01
1.337076e+01
9.733699e+00
3.005190e-01
1.245696e+01
7.930902e-02
8.439529e-01
1.907612e-01
2.738421e+01
2.461205e+00
4.428528e-01
4.240545e-02
2.257808e-01
8.675799e-02
2.208180e+01
6.598183e+01
1.509727e-01
2.634453e-02
7.324800e-04
3.611864e-02
2.515269e-03
3.052336e+01
4.064109e-01
2.026097e-02
1.946028e-03
4.514914e-02
4.527068e-02
1.326182e+00
3.739755e+01
9.562662e-04
1.300178e-01
9.880151e-04
3.298698e-01
1.727071e-02
2.701938e-03
5.603291e+00
2.823165e+00
1.525524e-03
1.208373e+01
7.859611e-03
3.039068e+01
2.890775e-03
4.949692e-03
4.765654e-01
1.364777e-01
2.546447e-03
5.150734e+00
3.999794e-02
1.294000e-02
4.086117e-03
3.290555e-03
9.122860e-02
1.679450e-01
2.277679e+00
1.079759e-01
1.160186e+01
6.461345e+00
3.449087e-01
1.908244e-01
5.858373e+03
7.686227e+00
2.501419e+03
6.270509e-01
5.457682e-03
1.796360e+01
1.694244e-02
3.342373e+04
6.011304e-02
1.096654e+00
1.790356e+03
2.660091e+03
2.248583e+04
5.199853e+01
1.299323e+03
5.712275e+01
3.225518e+01
4.772728e+02
8.477017e+01
3.182094e-03
1.374894e+02
4.969328e+00
1.073264e+03
5.118881e-01
1.228728e+01
1.382320e-01
1.296360e+01
1.792451e+02
7.889860e+03
7.127091e-04
4.377388e+01
9.174215e-04
6.274801e+02
1.101408e+04
2.481906e+00
1.067704e-01
2.282188e+03
2.411950e+01
1.370653e+01
4.927903e-03
1.022977e-03
3.837053e-03
1.411111e-04
2.600959e+02
1.031479e+03
7.125370e+02
8.312344e-01
1.249228e-02
1.159825e-01
2.343310e+01
2.163625e-04
5.870309e-03
3.748907e-02
3.844908e+01
3.151417e+02
3.033362e+02
2.151977e+03
1.618613e+02
4.653040e+01
7.558089e-04
1.779327e+03
2.305639e-01
1.773423e+01
3.341533e-02
4.311325e+02
1.387638e+04
2.742775e+01
3.542405e-03
7.717141e-02
1.270123e+04
1.023359e+00
1.919309e+00
7.078216e-02
3.125611e-01
3.576471e+03
1.432668e+02
5.057831e-04
5.782909e-01
4.859100e+00
3.403628e-03
8.706172e+00
1.755199e-04
2.080529e-04
3.349745e+00
4.107215e-02
3.503639e-04
7.880116e-01
3.685222e-04
5.103190e+00
2.530688e+03
5.058633e+02
1.569560e+03
5.933918e-02
4.239684e+00
2.162904e-01
2.089260e-01
8.313446e-04
1.451572e+04
1.958485e+02
1.337151e+03
6.405815e-02
4.065785e+02
1.688248e+03
2.609035e+02
4.046415e+01
1.028913e+00
2.675771e-01
1.010023e-02
4.315503e+00
1.093739e-01
1.674231e-01
1.841880e-01
1.448349e+01
6.688348e-01
2.966937e-01
5.756018e-01
2.078219e+01
1.325840e+00
6.891971e-02
1.374326e+01
9.238352e-02
8.920559e+00
3.145495e-02
3.901226e-01
1.256108e+00
1.722120e-01
5.633350e-01
3.897220e+01
9.484436e-02
4.180951e+00
3.555414e+00
2.159554e-01
1.263192e+01
7.585420e+00
4.127967e-01
5.120755e+00
4.471371e-02
6.552175e-02
1.983163e+01
2.712169e-01
2.916999e-01
1.078994e+00
3.851043e-02
1.023217e-02
3.904428e-02
4.626404e+01
4.110462e+00
