1.144103e+00
5.338224e-02
1.574296e-01
3.566393e+00
5.546547e+00
2.354127e+01
2.661580e-02
1.752212e-02
8.944475e+01
2.009199e-02
2.782739e-02
5.008842e+01
5.521409e+01
2.162303e+00
6.589185e-01
1.074948e+00
3.841389e+00
1.846531e-01
2.653847e-01
1.390787e+00
4.842101e-02
5.420591e+01
3.567664e-01
5.563044e-01
6.561981e+00
6.240728e-01
1.295895e-01
4.226468e-02
1.186467e-01
2.241361e+01
1.006375e-04
1.336004e+01
5.060661e-01
1.614254e-03
8.796904e-02
1.247370e+00
1.247239e+01
1.368550e+01
5.746648e-03
3.594452e-03
1.346268e-04
7.444057e-02
4.570817e-02
5.349633e+01
5.470892e-01
8.100989e-01
1.203623e-03
2.051960e+00
6.413581e-02
4.679711e-04
8.019998e-02
4.213903e+00
7.818602e+01
3.896505e+00
1.784652e-03
9.035277e+00
5.928996e-03
8.351902e-04
1.592022e-04
2.584363e-03
2.293091e+01
3.389971e-03
8.558946e+00
3.944941e-03
2.640745e+00
7.050127e-03
1.347310e-02
7.811591e-03
2.241059e+00
3.598998e-02
6.937788e-03
1.375903e+01
4.686097e-01
7.769707e-03
1.380939e+03
1.759101e+04
3.986960e+01
1.035358e-03
2.083722e-03
1.135383e+02
1.999636e-02
7.749499e-02
3.711836e+00
5.073849e-01
7.209447e+04
6.035537e-02
1.987254e+04
1.300214e+00
3.412735e+03
1.060251e-04
1.411255e+02
6.980132e+03
7.938705e+00
1.193089e+00
3.123694e+00
1.046962e+01
9.227143e+02
1.862457e-03
1.513893e+00
6.307231e-02
3.576865e+00
7.453487e+01
2.783690e+03
2.278786e-01
1.272963e+01
6.022691e-03
6.846211e+02
1.374790e+04
1.232571e+00
1.687592e-01
1.378926e+03
5.640942e-04
1.659313e-01
1.259063e+02
3.167238e-04
8.527705e-04
7.574927e-04
2.854695e+04
3.246610e+03
7.115853e+03
3.645148e+01
2.177800e-03
1.064646e+04
1.436429e-02
3.124610e-03
8.267278e-03
2.462816e-02
1.581169e+02
1.050161e+02
1.568930e-04
1.785819e+01
3.385760e+04
1.217613e+01
2.896771e+04
1.669193e+03
2.213472e-01
7.258202e+00
1.507285e-03
2.750739e+02
1.566461e-02
5.012893e+03
8.772686e-02
1.207128e-02
5.673720e+03
2.103261e+02
1.816708e+01
1.599137e-01
1.826562e-01
8.576814e-01
1.628614e+02
2.408664e-04
2.729743e-01
8.418296e+00
7.480060e-03
2.041953e+00
8.047218e-04
8.884199e-01
3.153601e+02
8.922414e-03
1.034699e-04
8.363307e-01
1.997968e-03
1.569914e+00
3.427868e+03
7.620981e+03
7.103493e+03
3.108119e-02
5.064956e+00
2.263640e-01
1.125319e+00
3.231605e-03
9.352883e+04
1.557171e+03
4.030692e+00
5.136884e-02
6.683382e+01
2.416389e-02
1.076179e+01
4.913915e+01
2.300464e+00
1.226229e-03
2.908993e-04
4.488159e+00
1.803179e+01
3.799924e+00
1.562056e+01
1.089977e+01
5.941737e-02
1.817949e-02
3.227818e-01
1.969011e+01
1.323279e+00
9.749397e-02
1.184174e+00
1.494220e-02
8.450214e-01
1.890888e-02
1.437626e-01
1.283549e+00
4.053173e-01
6.989601e-02
2.476435e+01
9.235409e-02
1.483025e+01
3.800656e+00
5.062096e+01
9.181592e+00
1.952006e+00
2.162580e-01
1.202964e+01
4.994914e-02
1.328480e-01
3.253095e-02
3.823338e-01
1.082180e+00
2.439039e-01
3.152657e-02
6.328925e-02
3.513862e-02
2.022249e+01
6.451087e+00
