8.920210e+01
2.523894e-02
5.676782e-02
1.732366e-02
9.612905e-01
1.967255e+01
9.097986e-02
3.189080e-01
1.977902e+00
4.751568e+01
3.980244e-02
7.420163e-02
3.177056e+01
1.136506e-02
2.462147e-01
1.132534e+01
1.349303e+01
9.466942e+00
2.870006e-01
1.272593e+01
7.569996e-02
8.525629e-01
1.848341e-01
2.758176e+01
2.339739e+00
4.436100e-01
3.862124e-02
2.521504e-01
8.440357e-02
2.185302e+01
6.575055e+01
1.488402e-01
2.616846e-02
7.277898e-04
3.447590e-02
4.598464e-03
2.662217e+01
4.755631e-01
2.040300e-02
1.994623e-03
6.150910e-02
4.283399e-02
1.334138e+00
3.908256e+01
9.035609e-04
3.317159e-01
9.491514e-04
2.873647e-01
1.728852e-02
2.495174e-03
5.364771e+00
2.716348e+00
1.520036e-03
1.196288e+01
7.715617e-03
3.715306e+01
2.912127e-03
5.108112e-03
4.655217e-01
5.401582e-01
2.481540e-03
3.446725e-01
3.992637e-02
1.282536e-02
4.338612e-03
3.293984e-03
6.856168e-02
1.694081e-01
2.198605e+00
1.200903e-01
1.150073e+01
6.458868e+00
6.010752e-01
3.657071e-02
6.040619e+03
7.746026e+00
1.749080e+04
6.362551e-01
5.502024e-03
1.847615e+01
1.682083e-02
3.504334e+04
5.757581e-02
9.418013e-01
2.406152e+03
2.691385e+03
1.995570e+04
5.173557e+01
1.354457e+03
5.740840e+01
3.213042e+01
4.801881e+02
8.620799e+01
3.176430e-03
1.363666e+02
3.285469e+00
1.123392e+03
5.146936e-01
1.085757e+01
1.331140e-01
1.301250e+01
1.065953e+02
8.063358e+03
4.395110e-04
4.376460e+01
3.797938e-03
7.233547e+02
8.657060e+03
2.478949e+00
8.833438e-02
2.311794e+03
1.929141e+01
1.316759e+01
4.763607e-03
5.263603e-04
3.739541e-03
3.028940e-04
2.450921e+02
9.598575e+02
5.539785e+02
8.251889e-01
1.255465e-02
1.170345e-01
2.346535e+01
4.480843e-04
5.701294e-03
3.795067e-02
4.151042e+01
3.449000e+02
2.619536e+02
2.208676e+03
1.625140e+02
4.640010e+01
7.488130e-04
1.776240e+03
2.240709e-01
1.720597e+01
3.093158e-02
4.350284e+02
1.280940e+04
3.110487e+01
3.611947e-03
7.668746e-02
1.189791e+04
1.010098e+00
1.952047e+00
6.912908e-02
3.277145e-01
3.679679e+03
1.708555e+02
4.563770e-04
9.763046e-01
4.783514e+00
2.896857e-03
8.697518e+00
1.724497e-04
2.069146e-04
3.282436e+00
4.055251e-02
2.961345e-04
7.871383e-01
3.058142e-04
5.287216e+00
3.028014e+03
5.063044e+02
1.588928e+03
5.571412e-02
4.249628e+00
2.118204e-01
2.090358e-01
8.021592e-04
9.874485e+03
1.964911e+02
1.293630e+03
7.667587e-02
4.047247e+02
1.830279e+03
2.566597e+02
4.863796e+01
1.004074e+00
2.632287e-01
1.291747e-02
4.993082e+00
1.748255e-01
1.357909e-01
1.826010e-01
1.455305e+01
5.649806e-01
2.894597e-01
4.765328e-01
2.379128e+01
1.238435e+00
6.720535e-02
1.406935e+01
9.195013e-02
9.089753e+00
3.035134e-02
3.881424e-01
1.199935e+00
1.028297e-02
5.680188e-01
4.871572e+01
9.613988e-02
3.994968e+00
3.685754e+00
2.141582e-01
1.266438e+01
7.759462e+00
4.203987e-01
5.160913e+00
4.522653e-02
6.456627e-02
2.153686e+01
2.708316e-01
2.895548e-01
1.156100e+00
4.608888e-02
1.000852e-02
3.124717e-02
4.426213e+01
2.988305e+00
