1.603290e+01
2.467674e-02
4.983294e-02
1.684986e-02
8.827378e-01
2.033262e+01
9.394875e-02
2.187385e-01
2.361708e+00
2.875108e+01
3.840934e-02
7.448444e-02
1.881892e+01
9.867990e-01
5.039628e-01
8.935838e+00
1.759401e+01
9.749566e+00
2.946560e-01
1.401915e+01
8.422077e-02
8.772568e-01
2.015156e-01
1.906073e+01
2.462537e+00
3.862368e-01
4.699694e-02
2.234026e-01
7.031000e-02
1.339552e+01
3.854799e+01
5.867727e-02
2.898907e-02
3.401070e-04
4.094314e-02
2.499237e-03
2.349921e+01
4.127081e-01
4.582519e-03
2.891297e-03
9.350035e-02
4.923321e-02
1.457777e+00
3.634636e+01
1.329514e-03
1.557363e-01
1.379199e-03
3.723674e-01
1.521077e-02
4.081582e-04
6.359985e+00
2.911442e+00
2.569947e-03
1.288124e+01
7.714080e-02
3.727426e-04
2.706405e-03
4.673248e-03
4.070605e-01
1.432087e-01
2.966748e-03
5.641505e+00
4.264916e-02
6.807022e-03
4.640074e-03
3.421803e-03
7.991362e-02
2.009362e-01
2.500638e+00
1.126070e-01
1.306185e+01
3.900136e+00
3.490066e-01
2.047962e-01
5.500509e+03
4.952385e+00
2.646196e+03
3.686962e+00
5.619441e-03
3.271160e-02
2.506093e-02
2.976887e+04
6.866604e-02
1.109677e+00
1.717183e+03
2.593577e+02
3.912321e+03
5.442652e+01
1.116911e+03
1.620740e+01
2.578843e+00
8.158848e+02
8.246462e+01
3.335239e-03
6.979819e+02
1.517770e+00
8.537002e+02
5.258372e-01
1.436255e+01
1.559660e-01
1.778308e+01
2.970352e+02
9.961621e+03
3.348167e-03
4.504914e+01
1.180688e-03
6.789517e+02
8.676465e+03
2.093499e+00
1.397485e-01
2.963082e+03
3.302231e+01
1.410857e+01
5.392816e-03
8.718483e-04
6.213149e-02
2.803340e-04
2.685227e+02
2.805559e+02
5.371206e+02
8.111137e-01
1.402026e-02
1.218783e-01
2.282578e+01
4.166590e+00
5.720527e-03
5.500812e-03
3.644889e+01
3.327884e+02
2.903489e+02
1.715896e+03
1.880881e+02
5.124680e+01
1.714423e-03
1.254544e+03
7.314527e-01
2.238359e+01
2.313948e-02
4.146923e+02
2.934360e+04
1.972701e+01
3.110148e-03
7.475901e-02
1.129574e+04
1.000390e+00
1.741906e+00
1.044898e-01
3.795153e-01
3.007492e+03
2.414401e+02
2.203954e-04
9.704855e-01
1.379498e+00
3.207083e-03
2.085307e+01
1.473585e-04
2.832910e-04
3.861631e+00
1.879767e-02
2.200287e-04
4.755261e-01
2.158174e-04
7.235988e+00
2.486468e+03
4.728826e+02
9.840023e+02
6.475913e-02
7.076754e+00
1.261979e-01
1.815689e-01
9.036371e-04
9.815748e+03
1.940366e+02
1.172381e+03
5.555465e-02
4.164431e+02
1.435589e+03
2.299495e+02
6.795319e+01
1.000305e+00
2.327710e-01
1.213896e-02
4.323600e+00
1.132233e-01
1.804540e-01
2.275038e-01
1.276623e+01
6.885208e-01
2.817094e-01
6.446095e-01
8.934863e-01
8.161699e-01
7.926882e-02
1.552690e+01
8.852312e-02
9.331998e+00
3.035573e-02
3.521419e-01
1.318799e+00
1.025876e-02
6.687565e-01
4.129696e+01
8.642334e-02
4.007249e+00
9.394054e+00
2.466547e-01
8.194772e+00
7.749489e+00
4.244989e-01
6.211864e+00
4.641556e-02
6.253924e-02
4.837208e-02
2.671719e-01
1.913705e-01
1.072769e+00
3.706982e-02
1.000520e-02
3.192192e-02
2.029024e+01
4.188381e+00
