3.813309e-02
1.448864e+00
7.459238e-01
7.714638e-01
3.769328e+00
2.038435e+01
5.022770e+00
3.831243e-02
7.154880e+00
5.820518e-01
6.342118e-01
3.026925e-01
9.893158e+00
1.253308e+00
4.081878e-01
5.942408e-02
3.871793e-02
1.396084e+01
3.589405e-01
5.996576e+01
3.372661e+00
5.871648e-01
5.831830e-01
1.093054e-01
2.614329e-02
5.867823e-02
6.906461e-01
2.059056e+01
3.659507e+00
3.469295e+00
1.008770e-02
3.269947e-03
1.804808e+00
1.403418e+00
3.433121e-04
1.549213e-02
1.827319e+01
7.790618e-04
3.575813e-02
3.606111e-01
9.378186e-01
8.853691e-04
2.426975e-01
1.698396e-02
9.945220e-04
2.590976e+01
2.964379e+00
4.841696e+00
8.827016e+01
4.738898e-03
4.523419e-01
1.342381e-02
9.194739e-01
2.698285e-04
3.920183e-03
1.948812e+00
8.697288e-02
5.250140e-02
3.935446e-04
3.326761e-03
5.563058e-02
1.059820e+01
5.280129e+00
3.212417e+01
7.404442e-02
2.495469e-03
2.045491e-04
1.986093e+01
8.435702e-02
2.653407e+01
1.451614e-02
1.610647e+00
1.705227e-03
5.237105e+01
2.264823e+02
3.671078e-01
9.774870e-03
4.595308e-02
7.473221e+01
6.871321e+03
7.366931e+00
2.675890e-02
3.332057e+03
2.714645e+02
4.291837e-03
1.074329e-01
2.378088e+04
2.865968e+02
1.818413e+01
3.834137e+00
2.764642e+01
1.106749e+01
6.873195e+00
9.475775e+03
2.192447e+03
2.058385e+00
3.091619e+00
9.163554e+02
1.101767e+02
1.674219e+01
1.862894e+03
2.674049e+03
5.795699e+00
2.268707e+01
1.683830e+02
7.994852e+04
4.652270e+00
3.791875e+02
3.900189e+01
1.612782e+00
3.324167e+03
3.175529e-01
1.426097e-01
1.913883e+00
6.084606e+01
4.678796e-01
2.196765e+03
1.473654e+01
9.556052e+04
6.721186e-02
2.661299e-03
9.381033e-01
1.714284e-01
2.104928e-01
2.779587e+01
1.138736e-04
1.681781e-03
3.087065e+00
4.755378e+03
3.171533e-03
3.615490e+00
3.721785e+02
1.060885e+02
3.245152e+01
1.259733e+03
5.204487e+01
2.388849e+00
3.930356e+03
1.061259e+03
5.052769e-03
8.823815e+00
3.022133e-03
1.291150e-01
8.112765e-04
4.522806e+02
4.628281e-03
7.350937e+01
2.707755e-03
5.796228e+01
8.042563e+01
3.134789e-04
1.047492e-01
3.524997e+03
5.710416e-03
4.261446e+03
2.000953e+01
2.278353e-04
2.340685e-03
2.943997e+00
1.864949e-02
1.066882e+00
6.611779e-01
7.410388e+03
1.488002e+03
1.521171e-01
1.116450e+01
9.554455e+04
4.511135e+00
7.786832e+00
9.329027e-01
9.017741e-03
3.706858e-02
8.936368e+03
3.141705e+00
2.146312e+00
1.339377e+03
1.803337e-01
3.230973e+03
1.480969e-02
5.675376e+00
4.678341e-04
1.643330e-04
1.131091e+00
4.347597e-01
1.483813e+00
3.619274e-01
1.831639e+00
1.221451e-01
7.846752e-01
3.731521e+01
1.886870e+00
5.050029e+00
9.382871e-02
2.079423e+01
1.767647e+00
6.485308e-01
8.015910e-02
4.214869e-02
1.706321e+00
1.585622e+00
7.583786e-02
2.333632e+01
8.098089e-02
8.924811e+01
1.850765e+00
2.600660e-01
9.564112e-02
1.801540e+01
1.421525e-01
1.925971e+01
1.159493e-01
3.075621e-01
6.010976e+00
6.658638e+00
4.142552e-01
4.978224e+00
1.187217e+01
8.270588e-01
7.355879e+01
1.097155e-01
2.012674e+00
