3.798964e-02
1.451242e+00
7.165082e-01
7.409221e-01
4.521915e+00
2.036397e+01
5.162293e+00
3.756801e-02
7.295229e+00
5.641412e-01
6.456527e-01
2.790744e-01
9.756613e+00
1.233316e+00
4.033849e-01
5.682962e-02
3.850350e-02
1.391523e+01
3.547094e-01
5.713941e+01
3.304875e+00
5.843303e-01
5.825205e-01
1.064993e-01
2.580698e-02
5.805679e-02
6.800719e-01
2.019831e+01
3.659813e+00
3.555529e+00
9.922887e-03
2.785694e-03
1.789923e+00
1.285252e+00
3.510144e-04
1.524288e-02
1.797027e+01
7.553250e-04
3.416472e-02
3.196397e-01
8.471623e-01
8.863774e-04
2.212237e-01
1.595043e-02
1.033132e-03
2.716807e+01
3.266277e+00
4.406202e+00
7.735127e+01
4.830088e-03
4.549648e-01
1.348234e-02
1.069973e+00
2.711916e-04
4.002720e-03
1.895353e+00
8.368113e-02
5.887588e-02
5.382593e-04
3.391215e-03
5.232661e-02
1.041500e+01
5.413760e+00
2.908310e+01
7.439701e-02
2.568976e-03
2.273402e-04
2.004625e+01
8.174917e-02
2.601312e+01
1.456219e-02
1.583717e+00
1.561615e-03
4.484852e+01
2.312643e+02
3.527153e-01
9.693506e-03
5.063381e-02
9.627752e+01
6.844744e+03
7.360858e+00
3.275976e-02
3.220083e+03
2.748873e+02
4.489965e-03
1.096666e-01
1.969182e+04
2.646545e+02
1.851898e+01
3.889008e+00
2.757793e+01
1.184458e+01
6.866401e+00
9.016400e+03
2.137125e+03
2.255176e+00
3.117473e+00
9.838718e+02
1.215672e+02
1.712385e+01
1.901366e+03
2.681501e+03
1.412609e+00
2.261201e+01
1.905587e+02
5.171387e+04
4.587481e+00
3.423223e+02
5.044702e+01
1.505285e+00
3.494470e+03
3.157153e-01
1.475688e-01
1.805315e+00
6.362430e+01
4.684457e-01
2.169616e+03
1.501409e+01
9.548438e+04
6.591239e-02
2.414738e-03
9.299692e-01
1.918898e-01
1.942073e-01
2.475296e+01
3.863002e-04
1.692004e-03
2.939016e+00
4.654013e+03
3.055477e-03
3.566429e+00
2.648127e+02
1.065056e+02
3.208453e+01
2.871285e+02
6.039049e+01
2.753603e+00
4.007989e+03
1.064512e+03
4.561132e-04
8.043109e+00
3.028252e-03
1.179998e-01
8.164654e-04
6.003216e+02
4.602808e-03
7.241922e+01
2.690996e-03
5.150747e+01
8.036684e+01
2.926740e-04
1.046097e-01
4.051350e+03
5.815459e-03
4.762820e+03
1.941829e+01
1.160849e-03
1.306249e-02
3.124871e+00
1.144537e-02
3.214761e+00
6.476945e-01
7.195880e+03
1.579929e+03
1.485045e-01
1.121139e+01
9.730777e+04
4.436832e+00
7.720045e+00
9.417817e-01
9.288219e-03
3.664216e-02
1.053955e+04
3.231596e+00
1.376089e+00
1.232124e+03
1.822310e-01
3.297877e+03
1.526200e-02
5.994958e+00
4.679250e-04
1.690360e-04
1.131091e+00
4.330587e-01
1.484595e+00
3.635163e-01
1.817681e+00
1.188290e-01
7.767670e-01
3.482548e+01
1.808175e+00
5.108057e+00
9.338067e-02
2.481857e+01
2.253353e+00
6.804436e-01
7.895313e-02
4.120110e-02
1.319591e+00
1.554421e+00
7.811188e-02
2.216116e+01
8.083959e-02
8.899635e+01
1.852278e+00
2.571013e-01
9.533179e-02
2.018527e+01
1.419013e-01
1.960911e+01
1.161092e-01
3.074715e-01
5.953459e+00
6.664288e+00
4.185017e-01
5.189318e+00
1.073739e+01
8.115483e-01
9.009875e+01
1.101365e-01
2.011377e+00
