4.272242e-01
2.440958e-02
4.964257e-02
1.635070e-02
8.793993e-01
2.070108e+01
9.836659e-02
2.113686e-01
2.403426e+00
2.712499e+01
3.900614e-02
7.429131e-02
1.815583e+01
3.487964e+00
2.346816e-01
8.932468e+00
1.939716e+01
9.709244e+00
2.950390e-01
1.310181e+01
8.495637e-02
8.796365e-01
1.984116e-01
2.267628e+01
2.464813e+00
3.807822e-01
4.863446e-02
2.220742e-01
8.975016e-02
1.175443e+01
4.044284e+01
5.693739e-02
2.852688e-02
3.709269e-04
3.811872e-02
2.472555e-03
2.314151e+01
4.127123e-01
4.055459e-03
1.986264e-03
2.950083e-02
4.883977e-02
1.501711e+00
3.588629e+01
1.351779e-03
1.416723e-01
1.400949e-03
3.829437e-01
1.507429e-02
4.671327e-04
6.315055e+00
2.952737e+00
2.725253e-03
1.323959e+01
7.705380e-03
4.101209e+01
2.550086e-03
4.585049e-03
4.089408e-01
1.386707e-01
3.071933e-03
5.488947e+00
4.121682e-02
6.455243e-03
5.133460e-03
3.460875e-03
7.786325e-02
2.044130e-01
2.499971e+00
1.101096e-01
1.263476e+01
3.668508e+00
3.258906e-01
2.062887e-01
4.682763e+03
4.721269e+00
2.543456e+03
6.461562e-01
5.542289e-03
3.518031e-02
2.424222e-02
2.992054e+04
7.130548e-02
1.191726e+00
1.702464e+03
2.048670e+02
3.627432e+03
5.241838e+01
1.140306e+03
1.409360e+01
2.401083e+00
1.241765e+03
8.226095e+01
3.216397e-03
7.165182e+02
2.224954e+00
7.752225e+02
4.983468e-01
1.451590e+01
1.615418e-01
1.829017e+01
2.458015e+02
9.901258e+03
3.289895e-03
4.496129e+01
9.628783e-04
6.820692e+02
8.848244e+03
2.072071e+00
1.418825e-01
2.416062e+03
3.422688e+01
1.450339e+01
5.420435e-03
8.899155e-04
6.160306e-02
1.987374e-04
2.669350e+02
7.670056e+02
5.157630e+02
8.171971e-01
1.387399e-02
1.210840e-01
2.353888e+01
4.102495e+00
5.939944e-03
5.173688e-03
3.877649e+01
3.305267e+02
3.014388e+02
1.584437e+03
2.001924e+02
5.287540e+01
1.681994e-03
1.255362e+03
8.188708e-01
2.250396e+01
2.795744e-02
3.996166e+02
2.463664e+04
2.707522e+01
3.078031e-03
7.408000e-02
1.046681e+04
1.009713e+00
2.441030e+00
1.073760e-01
3.582652e-01
2.907811e+03
2.087427e+02
2.140670e-04
9.757024e-01
1.522378e+00
3.252112e-03
1.111300e+01
1.296245e-04
2.907977e-04
3.972661e+00
1.869216e-02
2.615344e-04
4.663597e-01
2.685201e-04
7.396228e+00
2.234657e+03
4.522523e+02
1.005907e+03
7.731870e-02
7.209006e+00
1.273317e-01
1.846746e-01
9.066166e-04
1.878353e+04
1.531951e+02
9.398833e+02
5.532543e-02
4.184185e+02
1.401309e+03
2.199220e+02
6.118010e+01
1.687565e+00
2.351758e-01
1.068172e-02
4.345357e+00
1.099875e-01
1.800946e-01
2.293319e-01
1.292076e+01
6.982969e-01
2.854818e-01
6.245456e-01
1.698021e+01
1.266887e+00
8.003474e-02
1.561053e+01
8.348455e-02
9.267125e+00
2.884174e-02
3.519457e-01
1.328417e+00
1.638863e-01
6.621656e-01
4.035603e+01
8.510782e-02
4.400229e+00
2.245648e+00
2.454217e-01
1.104895e+01
7.796621e+00
4.250566e-01
5.760802e+00
4.638855e-02
6.364620e-02
1.801378e-02
2.735856e-01
1.917635e-01
1.081999e+00
3.485205e-02
1.000259e-02
3.177918e-02
2.906693e+01
4.211821e+00
