8.493621e+01
2.523638e-02
5.690668e-02
1.732612e-02
9.675096e-01
1.981105e+01
9.100221e-02
3.201877e-01
1.881330e+00
4.750574e+01
3.975720e-02
7.417446e-02
3.003166e+01
1.135527e-02
2.464903e-01
1.109634e+01
1.351308e+01
9.444955e+00
2.868269e-01
1.273758e+01
7.586251e-02
8.527707e-01
1.845594e-01
2.739726e+01
2.338763e+00
4.436343e-01
3.862446e-02
2.527639e-01
8.441924e-02
2.189917e+01
6.449871e+01
1.487084e-01
2.616301e-02
7.277105e-04
3.493008e-02
4.650922e-03
2.653461e+01
4.755069e-01
2.047989e-02
1.996106e-03
6.142384e-02
4.267615e-02
1.334210e+00
3.913942e+01
9.330826e-04
3.313848e-01
9.482157e-04
2.855524e-01
1.733508e-02
2.490380e-03
5.389585e+00
2.718347e+00
1.520620e-03
1.196059e+01
7.666831e-03
3.728011e+01
2.915998e-03
5.109089e-03
4.599015e-01
5.441403e-01
2.480072e-03
3.449357e-01
3.982011e-02
1.279871e-02
4.340284e-03
3.295522e-03
7.562850e-02
1.744088e-01
2.199035e+00
1.178241e-01
1.150028e+01
6.455600e+00
6.016379e-01
3.662698e-02
5.995155e+03
7.688552e+00
1.374113e+04
6.282933e-01
5.464952e-03
1.855100e+01
1.677504e-02
3.506381e+04
5.768668e-02
9.392245e-01
2.405604e+03
2.686544e+03
1.966618e+04
5.170062e+01
1.354562e+03
5.726718e+01
3.217229e+01
4.787795e+02
8.596838e+01
3.179769e-03
1.364476e+02
3.287689e+00
1.123112e+03
5.148040e-01
1.090625e+01
1.331574e-01
1.305565e+01
1.066482e+02
7.556766e+03
4.429857e-04
4.379490e+01
3.800678e-03
7.399736e+02
8.613308e+03
2.477906e+00
1.030505e-01
2.310866e+03
1.917456e+01
1.314850e+01
4.846609e-03
9.953591e-04
3.832018e-03
3.038053e-04
2.452921e+02
9.598542e+02
5.465359e+02
8.254800e-01
1.254253e-02
1.142764e-01
2.344849e+01
4.471401e-04
5.836157e-03
3.792803e-02
4.151066e+01
3.236629e+02
2.620543e+02
2.209186e+03
1.621797e+02
4.661701e+01
7.470054e-04
1.786175e+03
2.238648e-01
1.721144e+01
3.049110e-02
4.346379e+02
1.283480e+04
3.082777e+01
3.607449e-03
7.694238e-02
1.193978e+04
1.024550e+00
1.953966e+00
7.025554e-02
3.274679e-01
3.679624e+03
1.707637e+02
4.561462e-04
9.738389e-01
4.785932e+00
3.686669e-03
8.631485e+00
1.714637e-04
2.053493e-04
3.282180e+00
4.052559e-02
2.985164e-04
7.869031e-01
3.542344e-04
5.130900e+00
3.030041e+03
5.056889e+02
1.530486e+03
5.573831e-02
4.328682e+00
2.114268e-01
2.074995e-01
8.001509e-04
9.999244e+03
1.964427e+02
1.293591e+03
7.585919e-02
4.047862e+02
1.833607e+03
2.566915e+02
4.784381e+01
1.001768e+00
2.629781e-01
1.291834e-02
4.989609e+00
1.750582e-01
1.357239e-01
1.828288e-01
1.455345e+01
5.470295e-01
2.895655e-01
4.767120e-01
2.382306e+01
1.329137e+00
6.837269e-02
1.399549e+01
9.226084e-02
9.084036e+00
3.047004e-02
3.881876e-01
1.249377e+00
1.017032e-02
5.645020e-01
4.871789e+01
9.652635e-02
3.991735e+00
3.697879e+00
2.137169e-01
1.269833e+01
7.756685e+00
4.203140e-01
5.092197e+00
4.525232e-02
6.546944e-02
2.155679e+01
2.708147e-01
2.884747e-01
1.082244e+00
4.670033e-02
1.000936e-02
3.135996e-02
4.406315e+01
2.924170e+00
