1.249257e+01
6.687495e-02
3.628589e+00
9.421389e-01
7.620982e-01
3.712498e+01
2.148567e+00
4.342974e+01
6.458389e+00
1.687131e+00
2.039656e-01
1.328438e-01
2.597345e-01
2.185208e-01
1.410320e+00
1.321019e+00
4.569198e+00
9.249902e-01
7.259936e-01
2.163277e-01
2.122083e+00
6.155602e-01
3.200719e-01
1.286288e-01
2.699287e+01
7.004487e+01
4.233879e+00
2.981187e+00
1.339914e-01
2.718535e-01
2.066706e+01
6.391449e-03
2.667814e-02
8.979351e-01
7.536698e+00
6.531087e-01
1.052972e-01
1.662891e-02
1.030085e+01
1.835246e+00
7.554661e-02
4.285461e+00
3.535114e-03
1.657792e-02
3.025090e-01
9.612857e-03
2.172154e+00
2.615267e-04
7.399007e-04
5.960065e-01
1.659489e+01
1.068337e-03
1.220075e+01
2.984705e+00
8.195830e-03
6.441130e-03
6.255740e-03
1.799476e+00
2.041962e-01
1.144591e+00
1.789435e-03
1.599045e-02
3.024384e-02
1.473238e-02
3.726602e+00
1.267411e-02
3.173499e-03
2.039429e-02
2.015607e-02
1.377908e+00
6.954580e-03
3.336046e-02
2.460332e-01
1.046988e-03
6.867507e+00
9.394834e-02
2.082433e+01
1.644810e+00
6.169568e+01
3.535505e+00
6.389308e+00
2.079626e+00
6.367709e+03
5.349878e-01
6.451774e-04
6.301392e+01
3.119946e+01
3.719925e+04
6.149489e+01
6.055030e-03
2.126923e+01
3.738936e+02
3.471489e+02
1.275432e+00
2.347475e+00
6.678891e-01
1.282420e+01
2.636175e-01
1.475291e+01
1.548891e+01
1.816414e+02
3.298073e+01
4.369353e+02
2.207221e-01
3.918258e+01
6.288359e-04
9.128384e+00
6.114111e-02
1.691394e+03
4.670662e+00
9.962242e+01
1.651723e+01
5.777310e-02
2.166135e+01
3.126908e+01
2.698171e-02
2.348514e-04
5.609247e-03
1.250973e-01
1.628222e+03
3.251801e+01
1.498358e-01
5.526887e+00
2.680629e-03
3.689226e+00
3.860180e+02
2.273078e+00
1.523985e+02
2.178653e+02
2.669687e-04
3.277092e+01
6.876253e-02
1.089909e+00
5.639404e-03
3.995416e+01
3.387835e-02
3.034237e+02
6.688779e+01
3.662596e+02
1.127908e-01
3.054702e+03
1.346429e-01
2.799615e-02
1.128975e+01
2.754281e+01
8.919154e+01
1.012971e+00
2.480424e-03
7.156772e+02
5.559495e+00
2.412313e-01
6.038478e-02
2.392399e-02
4.663584e+02
1.867778e+00
9.109300e+04
1.543095e-02
6.227956e-04
9.797433e-02
2.604777e-04
9.805018e+02
1.287034e+02
3.310300e-01
3.360495e+03
1.489516e-01
5.963125e+02
4.425990e+04
1.104568e+03
1.326034e+00
3.225005e+01
3.720199e-04
3.811027e-02
2.913465e+01
2.180628e+01
2.008611e-03
2.101732e+00
1.737555e+01
1.155053e+02
1.544589e-01
1.270991e+03
4.428169e-04
1.297799e-02
2.563471e+00
1.394929e+01
1.264500e-01
4.691190e-02
2.177031e+00
1.032306e-01
3.561314e+01
3.617072e+01
3.751582e-01
1.900361e+00
1.776825e-01
1.570293e-01
2.633103e-01
1.086648e+00
8.056142e-01
1.449672e+00
5.748421e-01
5.297144e+00
8.684654e+00
6.081689e+01
2.134164e-01
1.751814e+00
2.704911e-01
3.683030e-02
3.796367e-01
1.034585e+01
1.741123e-01
3.886593e-01
5.501161e-01
8.108033e-02
2.564543e+00
9.291266e-02
2.859865e+01
2.328693e+00
1.803530e+01
1.173549e+00
2.905492e-01
4.655815e+00
5.380431e+00
