1.106134e+01
5.179222e-02
4.023565e+00
7.643900e-01
7.928152e-01
3.051752e+01
3.498486e+00
1.158387e+01
6.181879e+00
3.550306e+00
1.499277e-01
1.219983e-01
4.089399e-01
9.569318e-01
3.079353e+00
1.162732e+00
4.707599e+00
8.622555e-01
6.273088e-01
1.641837e-01
2.129647e+00
5.680081e-01
3.448403e-01
8.922006e-02
2.366477e+01
6.105556e-02
9.540030e-01
4.352735e+00
1.274472e-01
4.442887e-01
2.005322e+01
4.205045e-03
4.374378e-02
2.220517e-01
3.737394e+00
3.079500e-01
1.124112e-01
1.150392e-02
7.327928e-01
2.587060e+00
1.091152e-03
7.338650e+00
2.155558e-03
2.324507e-02
2.394445e-01
1.486987e-02
2.658616e+00
2.040745e-04
8.772162e-04
4.376447e-01
5.513628e-01
5.676833e-04
1.430495e+01
1.456819e+00
7.782998e-03
4.138682e-03
1.542553e-02
6.784029e+00
1.913099e-01
6.177904e-01
1.284756e-03
1.802597e-02
4.105342e-02
1.425851e-02
4.114060e+01
3.079761e-03
2.897546e-03
3.717627e-03
1.983691e-02
1.597798e+00
8.706890e-03
1.757756e-01
2.224026e-01
1.336834e-03
7.102292e+00
5.260948e-02
5.544385e+00
2.280493e+00
5.856601e+01
2.988386e+00
1.009659e+01
2.277114e+00
5.348579e+03
5.179947e-01
8.120541e-04
4.833524e+01
4.824411e+01
9.043661e+04
5.364333e+01
1.860560e-04
1.452438e+01
4.760046e+02
4.159224e+02
3.213330e+00
1.510976e+00
7.865746e-01
2.936231e+01
1.326991e-01
7.614892e+00
4.366508e+00
1.938407e+02
4.862866e+01
4.792817e+02
1.612767e-01
3.415071e+01
2.677292e-03
1.182460e+01
3.696511e-02
1.842521e+03
5.423060e+00
1.132343e+02
2.242234e+01
5.200895e-02
1.100334e+02
5.167371e+01
1.509130e-02
2.379281e-04
1.143861e+01
1.206404e-01
1.621561e+03
9.787692e+01
1.381650e-01
6.123933e+00
2.138984e-03
1.242567e+01
3.317725e+02
3.915953e+00
5.654491e+02
2.788511e+02
4.481748e+03
3.639903e+01
4.991672e-02
6.410168e+00
5.339592e-03
2.955763e+01
3.896237e-02
2.628215e+02
7.763874e+01
4.136687e+02
1.060916e-01
1.305532e+03
4.015026e-01
3.550264e-02
9.447799e+00
8.751912e+00
1.481609e+02
4.956918e-01
3.085941e-03
9.343992e+02
7.535414e+00
2.939524e-01
6.683955e-04
1.303834e-02
4.924922e+02
1.631818e+00
6.811455e+04
2.640525e-02
1.273885e-03
9.868627e-02
1.695411e-04
2.937655e+02
1.160411e+02
1.096114e-01
1.573069e+01
2.094751e-01
6.461349e+02
5.177806e+02
1.042643e+03
4.718855e+00
3.889864e+01
2.788871e-04
3.905126e-02
1.202364e+02
2.202759e+01
1.454875e-03
2.819681e+00
3.752825e+01
1.177404e+02
1.976842e-01
1.003303e+03
3.562855e-04
9.876239e-01
2.636610e+00
1.159053e+01
1.323109e-01
3.165154e-02
2.587340e+00
9.464690e-02
3.393576e+01
4.284041e+01
2.773113e-01
1.619814e+00
1.364818e-01
2.019760e-01
3.128151e-01
9.331519e-01
9.170593e-01
1.768597e+00
5.605223e-01
4.808113e+00
6.421272e+00
5.734584e+01
2.085391e-01
2.946351e+00
1.313162e-01
1.980638e-02
4.073408e-01
3.367015e+01
1.954205e-01
4.429301e-01
5.900770e-01
1.501605e-02
3.150402e+00
9.300699e-02
3.472416e+01
2.492112e+00
1.508173e+01
1.217667e+00
2.211017e-01
4.655052e+00
4.820382e+00
