1.081180e+01
4.233774e-02
3.506286e+00
9.658681e-01
7.682351e-01
3.905384e+01
2.140143e+00
4.009745e+01
5.745096e+00
2.012577e+00
2.095389e-01
1.293494e-01
3.921781e-01
2.096631e-01
1.432104e+00
1.338167e+00
5.881666e+00
9.352684e-01
7.332920e-01
1.717750e-01
2.171440e+00
5.800480e-01
3.396163e-01
1.222648e-01
2.903837e+01
3.083900e+01
4.453461e+00
4.023567e+00
1.372687e-01
2.753591e-01
8.856446e+01
6.144774e-03
2.869272e-02
9.852069e-01
6.204194e+00
6.055311e-01
1.057132e-01
1.593334e-02
9.408135e+00
2.503115e+00
7.300709e-02
3.925301e+00
3.164298e-03
1.653322e-02
2.813826e-01
9.375765e-03
2.128688e+00
3.356012e-04
7.398298e-04
5.871271e-01
1.970469e+01
1.130119e-03
1.434757e+01
2.847749e+00
7.453059e-03
6.056583e-03
7.887550e-03
1.517252e+00
2.044577e-01
4.143663e-01
1.686854e-03
1.615703e-02
3.528947e-02
1.762078e-02
2.945812e+00
1.247780e-02
3.298875e-03
1.812731e-02
2.014600e-02
1.483392e+00
7.830082e-03
5.376760e-02
2.140903e-01
1.132746e-03
5.311564e+00
9.402181e-02
2.415840e+01
1.911468e+00
6.013147e+01
3.660739e+00
6.555742e+00
1.912896e+00
6.546347e+03
5.502280e-01
6.877007e-04
5.947300e+01
2.357258e+01
3.718235e+04
5.948325e+01
4.101306e-03
1.743955e+01
3.800366e+02
3.618017e+02
1.331849e+00
1.584681e+00
7.056802e-01
1.259784e+01
2.543332e-01
1.396700e+01
7.992922e+00
1.708450e+02
3.568672e+01
4.437635e+02
2.226753e-01
3.883545e+01
5.067394e-04
8.158968e+00
6.252976e-02
1.701658e+03
5.489287e+00
9.934079e+01
1.426376e+01
5.572990e-02
2.877366e+01
4.828576e+01
2.466700e-02
3.050257e-04
3.990659e+00
1.274063e-01
1.701222e+03
3.569618e+01
1.420148e-01
5.417199e+00
3.221493e-03
3.714918e+00
3.985431e+02
2.230379e+00
1.580925e+02
2.200431e+02
2.182611e-03
3.224849e+01
6.627092e-02
1.028942e+00
5.875784e-03
4.225069e+01
3.921825e-02
2.663310e+02
6.287597e+01
4.187759e+02
1.292782e-01
1.186261e+03
1.359524e-01
2.947732e-02
1.139648e+01
2.745444e+01
1.088111e+02
1.016122e+00
2.315448e-03
7.083169e+02
6.317971e+00
2.488603e-01
5.875372e-02
2.384863e-02
4.730837e+02
1.935029e+00
9.256229e+04
1.556722e-02
5.986739e-04
9.512433e-02
2.087879e-04
9.729620e+02
1.264834e+02
3.400382e-01
3.218781e+03
1.721992e-01
6.093477e+02
3.574292e+04
1.088247e+03
1.335420e+00
3.003169e+01
3.404310e-04
4.415753e-02
2.979914e+01
2.071704e+01
2.042699e-03
2.538093e+00
1.670324e+01
1.165782e+02
9.138938e-02
1.203982e+03
4.480919e-04
1.289051e-02
2.557157e+00
1.399251e+01
1.821237e-01
4.599658e-02
2.279132e+00
4.762140e-02
3.298098e+01
3.509819e+01
3.895090e-01
1.908863e+00
1.884182e-01
1.334316e-01
2.499945e-01
1.100891e+00
8.378620e-01
1.451844e+00
5.779994e-01
4.706666e+00
8.575165e+00
6.738093e+01
3.697717e-01
1.753930e+00
2.729494e-01
2.415982e-02
4.192973e-01
1.046866e+01
1.763146e-01
5.373624e-01
5.437132e-01
7.931582e-02
2.552772e+00
9.176945e-02
2.905147e+01
1.713643e+00
1.815151e+01
1.097672e+00
2.914493e-01
4.956840e+00
5.195554e+00
