1.071461e+01
4.039406e-02
3.630955e+00
9.701163e-01
7.613553e-01
3.725317e+01
2.163399e+00
4.151779e+01
5.715718e+00
1.694199e+00
2.031685e-01
1.328715e-01
3.921817e-01
2.135175e-01
1.412269e+00
1.318657e+00
5.585312e+00
9.261773e-01
7.259920e-01
1.705485e-01
2.134134e+00
5.998988e-01
3.270469e-01
1.260284e-01
2.690478e+01
7.294032e+01
4.476107e+00
3.028183e+00
1.364147e-01
2.776566e-01
2.027398e+01
6.279888e-03
2.759351e-02
1.005732e+00
6.260439e+00
6.140165e-01
1.014530e-01
1.635317e-02
9.629335e+00
2.497564e+00
7.527008e-02
4.222227e+00
3.023339e-03
1.662012e-02
3.016734e-01
9.413857e-03
2.172518e+00
2.556029e-04
7.338857e-04
5.926767e-01
1.814094e+01
1.137072e-03
1.296377e+01
2.905529e+00
7.606209e-03
5.954297e-03
8.114397e-03
1.537554e+00
2.038474e-01
4.125423e-01
1.789547e-03
1.586551e-02
3.522243e-02
1.760538e-02
3.097348e+00
1.263023e-02
3.268191e-03
2.049312e-02
2.003358e-02
1.561617e+00
6.948451e-03
5.277030e-02
1.969816e-01
1.122733e-03
5.655081e+00
9.439471e-02
2.368713e+01
1.938815e+00
6.000592e+01
3.471987e+00
6.375572e+00
2.077923e+00
6.502976e+03
5.358800e-01
6.674773e-04
5.676959e+01
2.567710e+01
3.847265e+04
6.157407e+01
3.994043e-03
2.140468e+01
3.756943e+02
3.479965e+02
1.249785e+00
2.027536e+00
7.079456e-01
1.255902e+01
2.548128e-01
1.398586e+01
1.611394e+01
1.700199e+02
3.537262e+01
4.385004e+02
2.220654e-01
3.926779e+01
6.288742e-04
9.171116e+00
6.148758e-02
1.640207e+03
5.256612e+00
9.950599e+01
1.605647e+01
5.825055e-02
2.950841e+01
4.094183e+01
2.569989e-02
2.313156e-04
4.226439e+00
1.255662e-01
1.602985e+03
3.283994e+01
1.489652e-01
5.501857e+00
3.282977e-03
3.683316e+00
3.997155e+02
2.265483e+00
1.608747e+02
2.176401e+02
2.329110e-04
3.278591e+01
6.888789e-02
1.032679e+00
5.654251e-03
4.084075e+01
4.007190e-02
2.476606e+02
7.149090e+01
4.202096e+02
1.278925e-01
1.137176e+03
1.384785e-01
2.938386e-02
1.128471e+01
2.734987e+01
1.125487e+02
1.012766e+00
2.503801e-03
7.140546e+02
6.048092e+00
2.416507e-01
6.012837e-02
2.330247e-02
4.647681e+02
1.867250e+00
9.289599e+04
1.556153e-02
6.950993e-04
9.733328e-02
2.229308e-04
9.581334e+02
1.288493e+02
3.242967e-01
3.286971e+03
1.483861e-01
6.018240e+02
3.432112e+04
1.066234e+03
1.296023e+00
3.379271e+01
3.354449e-04
3.884245e-02
2.900134e+01
2.125217e+01
2.052191e-03
2.710889e+00
1.680022e+01
1.157215e+02
1.534425e-01
1.231291e+03
4.449536e-04
1.301360e-02
2.528594e+00
1.410092e+01
1.518485e-01
4.734295e-02
2.237995e+00
6.108202e-02
3.479700e+01
3.600585e+01
3.771763e-01
1.895305e+00
1.829247e-01
1.312775e-01
2.522640e-01
1.084140e+00
8.154378e-01
1.453058e+00
5.757579e-01
4.806496e+00
8.536986e+00
6.162921e+01
3.714504e-01
1.809089e+00
2.692438e-01
2.443876e-02
4.158492e-01
1.033214e+01
1.741521e-01
4.571454e-01
5.663059e-01
8.243384e-02
2.571659e+00
9.299701e-02
2.844785e+01
1.878925e+00
1.805128e+01
1.147905e+00
2.890785e-01
5.123598e+00
5.202285e+00
