3.369984e+01
5.240805e-02
5.990694e+00
5.962403e-01
1.402540e-02
3.324415e-02
5.405643e-02
4.672371e+01
1.160928e+01
3.576090e+01
4.112531e-01
3.396725e-02
3.951322e+01
1.999038e-01
1.009385e+01
4.418966e+01
1.764833e+00
1.036927e+01
1.113866e-01
4.941116e-02
1.013238e-01
3.520755e-02
2.761922e+01
2.629314e-01
1.627098e+00
8.814905e-01
6.543520e-01
7.005187e-01
1.204092e-02
1.864226e-02
5.077488e+01
4.316016e-03
2.542095e-02
3.737079e+01
6.658500e+00
4.612507e-01
9.206763e-04
1.446181e-02
4.424363e-03
3.906523e-01
2.168350e+00
2.976962e+01
2.826744e-03
1.484186e+00
1.167505e-02
4.176429e-03
4.312986e-01
1.395436e-03
2.209710e+01
8.300051e-02
1.135386e-04
4.900114e-02
2.512186e-01
2.256578e+01
1.095726e-02
2.889962e-03
2.834569e-02
4.226813e+01
2.135836e+00
1.517314e-04
4.876709e-04
7.284149e+01
1.964951e+00
5.392227e-01
2.656802e+01
4.590067e-03
1.826837e-03
4.001815e-01
2.001422e-03
7.328959e-04
4.596482e-04
1.014658e-01
1.655082e-03
8.028651e-03
2.247122e+02
4.825120e+00
5.998912e+02
1.745349e+01
1.893876e-03
6.551541e-02
1.046366e+03
5.457567e+02
1.617516e+00
7.379727e-01
4.392384e+04
1.621138e-02
7.547483e+04
7.181921e+03
4.732341e+00
2.863147e+03
3.716039e+00
1.459708e-02
2.779844e+03
6.234664e+01
9.555689e+03
5.023105e+01
9.794059e+00
6.386041e-04
1.075028e+02
2.253422e+03
3.090506e+02
3.021011e-04
7.056264e+01
4.424679e-02
4.595893e+01
8.531532e-03
1.018561e+01
5.577661e+01
2.324612e+03
2.147749e-02
1.659705e+03
1.453483e+03
3.537074e-04
2.737281e+04
9.248388e+02
1.794984e+00
2.142480e+03
1.694332e-03
1.223179e-04
6.026215e-02
1.637120e+04
6.993959e-02
5.489494e+02
3.446152e+03
6.775026e+04
1.806745e+02
8.950330e+03
2.363473e-01
1.938203e+02
8.302100e+04
2.218045e+02
1.287693e-04
1.719730e+00
1.311727e-03
5.345859e+01
1.004073e+02
2.712343e+02
7.054230e+02
2.340564e+02
1.253991e-04
3.944747e+02
2.459416e-02
1.890338e-01
1.701643e-01
5.632227e+01
1.510726e+03
6.127990e+00
6.077600e-02
1.184817e-01
9.899022e+03
4.278430e-04
9.216686e-02
1.098518e+01
8.490526e-01
2.541354e+01
3.085042e-03
8.425647e-01
2.091113e-01
1.843679e+03
2.975788e-02
7.532437e+02
2.553232e-04
2.973713e-03
5.547639e+02
5.184467e-03
8.528373e+03
2.662483e-02
4.125797e+02
9.358224e-03
2.980971e+00
4.006872e-01
8.790506e-04
1.140690e+00
9.106294e+01
8.050755e-03
2.716406e+00
3.015801e+02
1.331703e+02
9.508148e-04
1.121441e+03
1.888562e-04
4.189720e-01
1.169319e-02
1.966380e+01
5.587026e-01
3.344252e-02
1.000842e-02
6.846721e-01
1.040606e-01
5.106583e+00
3.721980e-01
4.830811e+00
1.004824e+00
1.438305e-02
3.158724e-01
1.556396e-02
3.016600e+01
6.689145e+01
4.507500e-02
8.777274e+00
5.744759e-01
1.458262e+01
2.081212e-02
1.390006e-01
1.826375e-01
4.709941e-02
8.063871e-01
2.486369e-02
1.260308e-02
6.755543e-02
3.931240e+01
1.893470e-02
6.168797e+00
2.849768e-01
1.696279e+01
4.933434e+01
2.211859e+00
2.399793e-01
1.534293e+01
1.607472e+01
2.067706e+00
