1.088555e+01
3.210862e-02
3.500023e+00
7.763960e-01
7.675337e-01
2.859645e+01
2.200391e+00
1.739121e+01
5.921933e+00
3.826004e+00
1.815101e-01
1.300125e-01
4.200392e-01
2.646191e-01
1.465993e+00
1.301191e+00
5.101382e+00
9.238997e-01
6.563416e-01
1.693022e-01
2.066572e+00
6.197622e-01
3.491608e-01
9.428409e-02
2.311591e+01
4.794824e+01
4.795759e+00
3.359395e+00
1.340494e-01
3.579204e-01
1.546608e+01
3.849578e-03
2.667142e-02
1.003448e+00
5.820697e+00
3.166576e-01
9.650481e-02
1.473706e-02
7.020983e+00
2.588855e+00
7.411386e-02
5.572610e+00
2.771196e-03
2.404772e-02
2.693555e-01
9.743475e-03
2.229558e+00
2.093256e-04
9.714686e-04
6.006946e-01
2.591600e+01
8.396869e-04
1.464550e+01
4.387690e+00
8.171975e-03
4.316862e-03
1.313612e-02
7.207438e+00
2.373720e-01
4.874773e-01
1.639474e-03
1.669246e-02
3.455275e-02
1.368484e-02
3.276874e+00
4.289954e-03
2.939469e-03
2.188870e-02
2.052498e-02
1.620709e+00
7.738044e-03
1.735291e-01
1.763306e-01
1.232963e-03
5.281385e+00
5.645145e-02
4.970840e+00
2.170269e+00
5.681570e+01
3.595457e+00
9.849571e+00
1.885872e+00
5.671814e+03
4.758759e-01
6.646117e-04
5.301801e+01
2.386949e+01
8.963487e+04
5.620092e+01
3.875582e-03
1.708960e+01
3.768321e+02
3.728715e+02
5.905828e+00
2.040519e+00
7.257822e-01
1.208638e+01
1.294075e-01
1.310502e+01
1.302848e+01
1.753173e+02
3.118937e+01
4.446702e+02
1.897078e-01
3.735811e+01
5.372582e-04
9.457400e+00
6.283562e-02
1.917355e+03
5.126118e+00
1.050707e+02
1.661965e+01
5.552507e-02
2.959993e+01
5.125517e+01
2.119890e-02
1.727530e-04
7.681832e+00
1.245228e-01
1.678389e+03
1.095396e+02
1.498833e-01
5.799085e+00
2.321890e-03
1.311551e+01
3.174277e+02
3.455456e+00
3.452128e+02
2.283349e+02
2.171680e-04
3.485827e+01
6.639299e-02
1.005083e+00
6.882006e-03
2.566713e+01
4.269166e-02
2.409355e+02
9.232758e+01
4.101812e+02
1.400541e-01
1.276906e+03
3.443075e-01
2.886969e-02
9.768680e+00
8.788381e+00
1.302464e+02
1.028559e+00
2.367294e-03
5.540722e+02
6.616699e+00
2.323822e-01
6.840000e-04
1.442192e-02
5.192450e+02
1.615924e+00
9.055331e+04
1.223172e-02
1.737748e-03
1.045721e-01
1.653310e-04
3.036291e+02
1.120270e+02
2.868757e-01
3.356522e+03
1.750988e-01
6.987521e+02
5.036959e+03
1.118644e+03
2.011462e-01
3.723276e+01
3.085488e-04
3.797289e-02
3.154506e+01
2.265681e+01
1.632895e-03
2.884072e+00
1.861794e+01
1.169687e+02
2.101481e-01
9.838034e+02
4.591871e-04
1.319900e-02
2.654197e+00
1.259782e+01
1.572067e-01
3.323633e-02
2.120022e+00
6.210873e-02
3.205635e+01
3.727929e+01
3.397807e-01
1.833667e+00
1.517371e-01
1.209468e-01
3.114155e-01
9.755930e-01
1.000805e+00
1.505185e+00
5.877385e-01
4.699686e+00
6.225094e+00
6.776142e+01
3.892857e-01
2.211483e+00
2.624401e-01
1.683836e-02
4.333864e-01
1.020043e+01
1.848686e-01
4.658763e-01
5.809231e-01
1.030126e-02
2.427383e+00
8.957455e-02
2.837088e+01
2.484786e+00
1.675900e+01
1.203340e+00
2.298291e-01
5.340511e+00
4.998443e+00
