1.096098e+01
3.319629e-02
3.557647e+00
7.712244e-01
7.610694e-01
3.291464e+01
3.167614e+00
1.753790e+01
6.234234e+00
3.681182e+00
1.584723e-01
1.307710e-01
4.243329e-01
9.226901e-01
1.278971e+00
1.303752e+00
5.216775e+00
8.930557e-01
6.397355e-01
1.787201e-01
2.078534e+00
6.215045e-01
3.431522e-01
9.069410e-02
2.496336e+01
4.520183e+01
4.653823e+00
3.834475e+00
1.331145e-01
4.333065e-01
1.959159e+01
3.634493e-03
4.710620e-02
1.067058e+00
3.734094e+00
2.952199e-01
1.098223e-01
1.352265e-02
7.161353e+00
2.643191e+00
7.333291e-02
5.505018e+00
2.761086e-03
2.447522e-02
2.406769e-01
9.562795e-03
2.678930e+00
2.156716e-04
1.055426e-03
6.733845e-01
2.783211e+01
7.248857e-04
1.595226e+01
4.047353e+00
8.015794e-03
4.374183e-03
1.315851e-02
6.916796e+00
2.464662e-01
4.899720e-01
1.636997e-03
1.758886e-02
4.832142e-02
1.432773e-02
3.229534e+00
4.322433e-03
2.909256e-03
3.658475e-03
1.945037e-02
1.566808e+00
8.678909e-03
1.779965e-01
1.762291e-01
1.271031e-03
4.907555e+00
4.907550e-02
5.348359e+00
2.148641e+00
5.981730e+01
3.403907e+00
1.062877e+01
1.953127e+00
5.515849e+03
4.318120e-01
6.735826e-04
4.810287e+01
2.417292e+01
8.954865e+04
6.011416e+01
3.848429e-03
1.701478e+01
4.123555e+02
3.717151e+02
6.128851e+00
2.008496e+00
7.471281e-01
1.279065e+01
1.224021e-01
1.280811e+01
1.268061e+01
1.773318e+02
3.791026e+01
4.565625e+02
1.834628e-01
3.745318e+01
7.363423e-04
8.373225e+00
7.323895e-02
1.909301e+03
5.643378e+00
1.079841e+02
1.641519e+01
5.469097e-02
3.306004e+01
5.028392e+01
2.059350e-02
1.973156e-04
8.246581e+00
1.213637e-01
1.644623e+03
1.099109e+02
1.488459e-01
5.635142e+00
3.061181e-03
1.203268e+01
3.260809e+02
3.673432e+00
2.900219e+02
2.620306e+02
3.984581e+03
3.547959e+01
6.829198e-02
6.717792e+00
5.536267e-03
2.721889e+01
4.233282e-02
2.478971e+02
8.971860e+01
4.096254e+02
1.174392e-01
1.308444e+03
4.001905e-01
3.045431e-02
9.670443e+00
8.823495e+00
1.375079e+02
1.056844e+00
2.002394e-03
5.619917e+02
6.616923e+00
2.611250e-01
6.762124e-04
1.366710e-02
4.935000e+02
1.558438e+00
8.886421e+04
1.194459e-02
1.649826e-03
9.806060e-02
1.032175e-04
2.990901e+02
1.171408e+02
2.298531e-01
3.874283e+03
1.761412e-01
7.671135e+02
4.946357e+03
1.049933e+03
1.905948e-01
3.991652e+01
2.922122e-04
3.571855e-02
8.423170e+01
2.196344e+01
1.641211e-03
2.809295e+00
1.978844e+01
1.159269e+02
2.485484e-01
1.047398e+03
4.678451e-04
1.357382e-02
2.641342e+00
1.217326e+01
1.985004e-01
3.261965e-02
2.076271e+00
9.122182e-02
3.229302e+01
4.688700e+01
3.228327e-01
1.805798e+00
1.494559e-01
1.301715e-01
3.214675e-01
9.398213e-01
9.902392e-01
1.524711e+00
5.872621e-01
4.678447e+00
6.265586e+00
6.957820e+01
3.830559e-01
2.341598e+00
2.166233e-01
1.742867e-02
4.219741e-01
1.024991e+01
1.851269e-01
4.764261e-01
5.825538e-01
1.047537e-02
2.974827e+00
8.881065e-02
2.867560e+01
2.454857e+00
1.685081e+01
1.201570e+00
2.404352e-01
5.353345e+00
4.997189e+00
