1.086617e+01
3.314306e-02
3.580327e+00
7.823372e-01
7.243916e-01
3.779395e+01
2.975805e+00
1.587132e+01
6.828337e+00
3.801505e+00
1.539523e-01
1.399687e-01
9.641262e-01
9.297351e-01
1.723007e+00
1.253695e+00
5.065610e+00
8.751350e-01
6.397973e-01
1.814636e-01
1.984938e+00
6.315960e-01
3.511006e-01
6.285725e-02
2.451271e+01
5.531272e+01
4.939281e+00
3.809518e+00
1.637059e-01
4.518948e-01
1.741023e+01
3.755152e-03
4.140950e-02
7.094508e-01
3.573869e+00
2.962070e-01
1.238819e-01
1.337876e-02
7.528462e+00
2.521949e+00
7.028222e-02
4.321751e+01
2.464560e-03
2.576659e-02
2.838390e-01
9.388562e-03
4.915757e+00
2.897835e-04
9.548847e-04
7.160317e-01
3.597745e+01
6.839748e-04
1.669301e+01
5.128094e+00
9.854998e-03
4.938135e-03
1.046052e-02
6.661578e+00
2.527978e-01
4.727826e-01
1.806254e-03
1.913814e-02
9.723879e-02
1.552706e-02
3.372535e+00
3.510615e-03
2.787814e-03
8.135446e-03
1.958166e-02
1.616658e+00
6.455837e-03
1.765837e-01
1.925190e-01
1.245720e-03
4.662951e+00
5.090955e-02
5.700563e+00
1.915459e+00
7.602086e+01
3.364279e+00
1.065410e+01
1.968687e+00
4.767825e+03
4.028417e-01
1.364990e-03
4.847749e+01
2.345504e+01
5.524951e+04
5.803906e+01
3.524439e-03
1.695217e+01
3.591037e+02
3.813984e+02
6.576679e+00
1.384902e+00
7.291029e-01
1.068061e+01
1.135894e-01
1.308222e+01
1.244855e+01
1.748186e+02
4.191865e+01
4.630952e+02
1.791634e-01
3.859130e+01
6.715796e-04
8.494507e+00
9.130300e-02
1.764677e+03
5.926564e+00
1.111548e+02
1.727531e+01
4.847128e-02
3.318877e+01
5.325021e+01
1.894561e-02
4.092524e-04
8.495501e+00
1.910486e-01
1.674244e+03
1.304044e+02
1.150567e-01
6.236323e+00
4.113150e-03
1.357216e+01
3.757536e+02
3.693502e+00
3.446502e+02
2.246871e+02
5.916561e+03
3.817609e+01
6.750929e-02
6.617915e+00
3.476541e-03
2.533518e+01
4.117593e-02
2.614786e+02
1.142940e+02
5.231206e+02
1.017109e-01
1.381280e+03
4.747330e-01
3.043963e-02
1.020735e+01
9.709723e+00
1.376010e+02
6.386623e-01
1.764554e-03
1.943900e+03
7.112431e+00
2.668757e-01
6.884979e-04
1.134878e-02
8.939362e+02
1.801313e+00
6.449546e+04
1.192548e-02
2.388159e-03
1.033150e-01
1.048919e-04
3.421761e+02
8.973531e+01
2.807432e-01
4.880809e+03
1.746604e-01
6.006758e+02
3.856658e+03
1.168860e+03
3.607360e-01
3.586051e+01
1.923692e-04
3.707015e-02
1.194398e+02
2.274343e+01
9.288686e-04
2.867217e+00
2.135718e+01
9.740975e+01
2.977188e-01
5.804552e+02
4.731402e-04
1.580579e-02
2.672097e+00
1.214940e+01
2.422250e-01
2.824234e-02
2.013672e+00
8.402405e-02
3.137947e+01
5.304114e+01
3.113623e-01
1.826797e+00
1.444836e-01
1.298584e-01
2.470926e-01
8.946899e-01
1.234170e+00
1.468513e+00
4.724976e-01
4.607840e+00
6.370332e+00
7.343464e+01
4.068372e-01
2.536521e+00
1.841424e-01
1.182618e-02
4.244989e-01
1.132007e+01
1.897766e-01
4.825832e-01
5.828277e-01
1.045286e-02
3.230627e+00
9.701922e-02
2.837371e+01
2.835376e+00
1.709732e+01
1.156667e+00
2.567927e-01
4.688892e+00
4.427232e+00
