1.285599e+01
1.335378e+01
8.913147e+00
4.826763e+01
1.496126e+00
3.349278e-02
1.177468e-01
3.661198e+01
2.927948e+00
1.869830e+01
4.085161e-02
9.916306e-01
3.193601e+01
1.803216e+01
1.776534e+00
4.446791e+01
1.781901e-01
3.592179e-02
1.714408e-01
2.434978e-02
9.341556e+01
1.553991e-01
4.546616e-02
7.064668e-02
7.793790e-01
3.155876e-02
1.019576e-02
1.185829e+00
9.299006e-01
4.368083e-02
1.604006e-02
6.369118e+01
1.347643e+00
2.349731e-01
5.014374e-03
3.457347e-02
3.621301e-04
4.089664e+01
3.492836e-02
4.563037e-03
1.264129e-04
2.362564e+00
7.569645e+00
4.984798e-02
3.804700e+00
1.531014e+01
6.535193e-03
4.161351e+01
3.623003e-02
2.045375e-03
1.034883e-02
1.377475e-03
1.241607e-02
3.215862e-04
2.135359e+00
3.745300e-03
3.288279e-03
1.375619e-04
3.211597e-03
3.747939e-01
4.211906e+01
2.877235e+00
1.048337e-03
2.242914e+01
5.427692e+00
3.161632e-03
5.328660e-04
3.184257e-03
6.213113e-03
8.557820e+00
3.727706e-01
3.912915e-01
3.052590e+00
2.393576e-04
1.240427e+00
2.297732e+04
1.843657e+02
8.155319e+03
5.912550e-03
4.179455e-04
2.234111e+02
7.436371e+03
2.312266e+00
3.537210e+04
9.234283e+02
2.330513e+02
2.391462e-01
4.649815e+04
4.224760e+00
5.635101e+00
1.307620e+03
7.983357e+03
1.474056e+00
1.459520e+04
8.484237e+01
5.542837e-01
5.090850e+03
2.167429e-01
1.288150e+01
1.875327e-04
2.714821e+03
3.796405e-02
2.705256e+03
9.447692e-02
1.990404e+03
7.838839e+00
3.138717e+02
2.163315e+03
6.375895e+00
2.963909e+01
1.755472e+01
2.160191e-04
9.204465e+03
6.000171e-04
1.687370e-01
4.775936e-04
2.076323e-04
2.487926e+00
9.395646e-03
4.246729e+04
1.979386e+04
3.250849e+03
1.553735e+01
7.890200e+03
2.139647e-04
1.287677e-04
5.868111e-04
4.817832e-04
3.274764e+03
2.677592e-01
4.450458e+00
4.474460e-03
8.036038e+00
4.474751e-03
6.005732e+02
6.854549e+03
1.273074e+01
3.687326e+00
1.392552e+00
1.011595e-02
7.962755e+00
3.050190e-01
8.505930e-02
3.438048e+03
3.146886e+00
6.636196e+04
9.184038e-01
8.134674e-04
2.789387e-03
2.110898e+01
5.762309e-01
7.459493e-02
5.583807e-02
8.308334e+02
3.868332e+01
1.647414e+04
2.207594e-02
2.817744e+00
5.524211e+03
6.093608e-03
1.334938e+03
1.650911e+02
3.019785e-02
2.275005e+03
1.879342e-04
4.191936e+03
1.403886e-01
4.483505e+00
2.007081e+03
3.100530e+03
1.337901e-01
1.337427e-04
8.707156e-04
1.649230e+02
1.249520e+00
3.816215e+03
4.947254e+00
1.324566e+03
4.348544e-03
6.204381e+00
6.096381e-01
3.119527e-02
2.785288e-01
8.240534e+00
2.914432e-02
7.608947e+00
3.630131e+01
5.103105e-02
2.590748e+01
2.285868e-01
8.805037e-01
1.337755e+00
3.337171e-02
1.406146e+01
2.369996e-01
6.109641e+01
2.815663e+01
8.506883e+00
2.324893e-02
5.338929e+01
1.418639e+01
4.571003e-02
8.477210e-02
9.410405e+01
1.478513e-01
7.860613e-01
4.146528e-02
5.007017e-01
8.065743e-02
1.948505e-01
2.483156e-01
4.100578e-01
1.320709e-02
8.876484e-01
3.651984e+00
1.331453e-02
3.709641e-02
6.717992e-01
2.785580e-02
8.440056e-01
4.359783e+01
