9.009639e-02
9.451439e-02
6.625748e-02
4.446478e+01
1.361114e+00
8.741998e-01
1.316980e+01
1.249921e+00
4.432230e-02
6.743603e+00
8.438236e+00
3.134624e+00
4.671808e+00
6.281915e-01
8.403760e-01
4.648844e+00
1.042697e+00
1.614395e+01
1.339707e+01
9.222697e+00
9.745342e+00
1.781498e-01
2.608360e+00
4.869813e+00
5.524086e-01
2.091506e+00
1.032041e+01
7.682040e+00
2.276632e+01
3.010879e+00
3.986039e-01
2.621193e-01
1.332441e-02
4.489615e-01
4.608988e-02
1.037880e+00
2.454813e+00
6.326634e-02
2.334249e-02
2.349023e-03
2.144384e-01
2.555660e-03
3.580239e+01
9.450758e-01
3.038331e-03
2.456021e-02
1.531005e-02
1.485927e-03
1.357266e+01
3.315425e-01
1.410448e-02
4.594643e-03
2.447749e+01
4.790132e+00
1.818768e-01
3.663483e-04
2.456691e+00
6.955499e-02
1.096347e-01
1.612985e-02
8.616092e-01
5.514739e-02
5.174537e-03
5.068184e-03
2.545021e-02
2.844997e-03
8.549146e-03
3.232817e+00
1.860386e-02
1.319830e+00
4.125968e+00
1.058628e-01
7.593209e-01
2.507429e-02
2.495417e+01
2.014155e+02
2.278209e+00
4.641406e+03
7.146367e-02
4.202205e+01
5.143300e-02
3.023402e+00
3.678833e+02
5.705562e-02
2.763307e-03
2.113376e+01
5.598732e+01
2.134064e+04
2.841907e+01
4.474357e+02
2.029799e+00
8.741650e+02
4.316699e+03
3.631738e+01
3.027142e+00
2.816525e+04
2.412882e+00
1.035533e+02
5.644026e+01
6.776679e-03
2.287116e+01
7.198961e-01
1.492851e+01
9.907178e-02
1.198778e+02
1.923145e-02
1.079651e+01
2.998316e-02
2.866434e+01
6.739466e-01
5.052827e+01
8.186138e+02
4.460117e+00
1.120377e+03
3.945745e+00
2.808039e-02
4.481087e+00
1.711793e-01
8.155181e-03
1.192426e-02
1.424056e-03
1.969382e+00
3.332995e-01
5.123215e+01
2.376310e+00
3.911160e+03
2.565714e-02
1.851715e+04
2.139661e+01
2.965681e+02
8.215791e+00
8.313020e+02
3.392243e+02
4.968181e-03
1.484040e+02
1.052795e+02
1.165708e+01
9.591926e+03
5.518992e+01
2.425552e-01
1.009188e+01
5.509510e-02
3.979071e-02
8.416724e-02
1.129557e+03
2.519858e+02
6.181095e+00
2.303415e-03
6.464038e-01
1.272486e+01
9.814294e-01
2.134540e-02
1.787392e-04
2.151945e-02
5.487252e+00
1.373222e+02
1.897430e+01
1.586533e-03
2.883757e+02
3.500290e+02
6.960073e+00
5.025806e+00
2.046690e-02
2.599652e+02
2.338388e-03
6.594996e+02
7.132435e-02
7.525072e+00
2.786675e-01
4.745019e+02
5.008334e-03
4.658374e+01
7.612971e+02
1.670992e+03
3.064676e+03
7.425762e+00
8.378487e+00
2.312121e+03
1.431825e-02
5.202830e+00
2.906710e-02
2.404791e-02
1.362332e+00
1.150114e+00
1.490497e-02
2.347426e-01
6.441545e+00
1.066242e+00
7.931608e+00
2.981154e-01
1.560284e-02
1.817720e-01
5.247065e-02
9.641681e-02
1.622206e+00
3.167774e+00
5.462142e-02
1.481765e+01
1.153076e+01
8.502353e-01
2.194739e+01
9.002459e-01
5.792932e+00
2.158459e+01
1.314401e+01
1.319574e-01
5.249868e+00
2.325696e+01
8.538292e+00
8.047583e-01
7.292843e-01
2.583730e-02
2.948040e+01
4.289528e+01
5.328748e-01
2.569377e-02
7.365323e-02
2.228758e+01
2.065697e-01
5.641892e-02
4.266400e+00
