6.364454e+00
3.773201e+00
9.581055e+00
1.253565e+00
4.410189e-01
1.322413e-02
1.537966e+00
5.558299e+00
2.725483e+01
9.163072e-02
1.585362e-02
1.705101e+01
3.986335e+01
2.820542e+00
1.225868e+00
1.719268e-02
5.988964e+00
4.849117e+01
1.381504e+01
7.389793e-02
4.327847e+00
1.702018e+01
2.188680e+01
1.122533e+00
2.035091e-02
1.267780e+00
5.199349e+00
1.338944e-01
3.919598e-01
1.359774e-02
1.778854e-03
7.938707e-03
6.675650e-01
6.897073e+00
2.529416e-01
6.619725e+00
7.655942e-01
2.441917e+01
8.427255e-01
4.163754e+00
9.243998e+01
9.025145e-03
3.214004e+00
4.472433e-01
1.652390e-04
2.401066e+01
1.251298e-04
9.893569e-04
1.674192e+01
1.381171e-03
1.532811e-04
9.992024e-02
2.546372e-01
7.223801e+01
1.843225e+00
3.258569e-02
1.556318e+01
5.145904e-01
3.526798e-03
1.925384e-01
3.755948e-02
1.112164e-03
1.714403e+00
6.776093e-04
4.691306e-03
1.229102e-02
9.037167e-01
1.315951e+01
1.929232e-01
5.485433e+01
3.023713e-01
6.425770e+01
1.054536e+00
7.704244e-04
2.527487e-03
4.673670e-03
4.985667e+02
6.482614e-04
2.522950e-02
5.827473e-04
2.951265e+03
7.760565e-02
1.545372e-02
6.269947e-02
1.442971e+03
3.473110e-03
1.198772e+02
3.122305e-01
1.493338e+00
1.167659e-03
3.683494e+02
1.058013e-04
2.455045e+01
1.845155e-03
3.231187e+01
1.130412e+00
1.970703e+03
2.416564e+03
1.374925e+00
1.379713e-03
5.089599e+00
1.359682e+03
4.377172e+01
2.917554e+00
2.125970e+03
5.408262e-03
5.400728e+02
2.133291e+00
2.619018e+01
1.432921e+02
2.072712e+02
2.553315e-03
1.686050e+04
6.017621e-04
4.527744e-01
3.378413e-03
2.055927e+02
2.882535e-04
2.637347e+03
2.203699e+03
1.476055e-04
1.340563e-02
5.014417e+02
2.247772e-04
1.779361e+04
1.153981e+02
1.133742e+03
1.029857e-02
6.885565e+03
1.628893e+00
8.307769e+02
1.159383e+03
2.011432e+00
1.394088e+00
9.223325e+02
2.021945e+03
1.002985e+02
4.001112e+00
3.380216e+02
1.877490e-04
7.976429e+02
5.059680e-01
4.011794e-02
6.431389e+01
5.464334e+01
1.377036e-04
6.116988e+01
5.017661e-01
2.256669e+01
1.061045e+03
3.702756e-01
4.327673e-03
2.944793e-02
4.802171e+01
2.587402e+04
3.385922e-02
8.263963e-01
9.102270e+02
5.006517e+03
4.869727e+03
2.203190e-04
6.758857e-02
7.816428e+03
9.774823e+02
1.637359e-01
3.271251e+03
1.345083e+04
3.198528e+00
2.128680e+01
2.213198e-03
8.856179e-04
3.727362e+00
2.941200e+02
4.520063e+00
3.310560e-02
4.589662e+01
3.472029e-04
2.077272e+01
5.369091e-03
8.544146e+03
2.056773e-02
1.037082e-02
9.930055e+00
1.158556e-02
1.707055e-01
2.232515e-01
1.885645e+01
2.212263e+01
2.877731e-02
9.720479e-02
3.097071e-01
1.675030e-01
6.073680e+01
1.279638e+00
5.966736e+00
1.806140e+00
3.363083e-01
2.482740e-02
1.722726e+00
2.247124e+00
1.837346e-01
9.419070e+01
1.003198e+00
1.546646e-01
1.899866e+01
2.946019e-02
4.697876e-02
3.682377e+01
1.415780e+00
1.851637e+00
8.965153e+00
5.220972e-02
1.020710e+00
5.309264e-01
4.364318e+00
1.996077e+01
4.469451e+00
8.789761e-02
1.044045e-02
9.865776e-01
5.723238e+00
