1.889526e+01
1.033365e+00
1.325106e+00
1.209440e-01
6.371054e-02
6.839555e-02
2.656670e-02
4.473951e+00
3.312584e-02
1.139849e-01
4.956303e-02
2.926321e-01
4.748880e-02
4.606413e-02
6.217443e-02
5.187748e+00
5.847682e-02
2.520044e+00
2.704663e+00
4.394099e+00
4.716798e-01
1.666152e-01
1.137948e+01
3.230308e-01
3.660057e+00
7.405655e-01
1.862083e+00
8.228022e-01
1.945052e-01
4.644695e-01
2.039207e-01
1.331913e-03
7.533994e-02
1.828740e-01
1.526505e-03
7.848594e-01
5.919912e+00
4.259634e+00
8.171767e-03
5.860733e-04
5.597834e-01
3.942821e-02
6.938737e-02
3.960544e-03
4.522152e-02
2.354099e-01
1.018991e-01
6.582471e+00
6.210973e-02
1.003212e+00
1.649231e-02
5.768162e-01
2.579549e+00
2.145789e+00
5.181325e+00
3.924784e-01
3.725510e-01
1.197140e+01
9.967244e+00
6.851266e-03
4.149969e-03
5.261337e-01
1.027276e+00
2.228467e+00
8.013532e-01
1.662491e-02
3.467373e-02
4.331440e+00
1.864873e-02
9.886663e-01
2.363048e-04
2.021852e-02
4.598202e-01
1.290421e+00
2.839105e+02
2.889563e+04
5.775158e-02
2.805642e+02
1.702761e+00
1.422849e+02
4.037879e-01
2.384288e+01
4.006930e+00
5.193739e-01
5.275465e+00
5.551348e+03
8.885429e+01
8.579146e-01
4.042608e+03
4.304612e+04
6.059686e+01
2.808993e+02
1.580986e+01
2.333081e+02
5.111990e+02
8.355899e+03
2.187651e+00
4.512885e+03
1.171516e+00
6.039179e+02
9.600874e+03
7.694474e-03
2.029506e+03
5.200845e+03
3.908729e+01
4.840890e+01
3.474296e+03
9.929410e-01
6.068873e+02
3.632129e+01
4.009940e+01
2.947490e+01
4.085018e-03
1.387271e+01
1.297637e+03
6.628304e+00
3.974869e-03
3.607227e-03
6.314632e-04
2.048893e-01
4.619309e+01
2.363937e+03
6.135384e+02
1.788591e-01
1.997947e+01
1.352597e+00
5.788994e-03
5.401508e+00
1.926647e+01
1.152839e+00
2.447862e+03
6.352997e+01
1.444960e+02
1.502910e+02
1.184987e+03
1.556341e+01
2.702673e+03
1.103977e-02
1.551054e+03
7.495445e+02
5.244857e+02
2.084171e-02
1.386123e-03
1.267802e-01
5.096859e+00
1.272873e+00
2.033354e-03
1.503265e-02
1.376299e-02
2.412879e+01
4.837264e-02
1.139349e-02
3.984322e-02
3.488491e-01
4.285585e+00
7.242996e-01
3.216831e+00
3.910566e-02
1.327349e+02
6.700510e-03
2.745783e+00
2.570306e+00
7.381883e-01
7.668181e+00
4.741710e-03
1.492691e+03
7.818726e+01
1.417695e+02
2.107701e+00
2.112536e+03
1.380960e-03
2.242314e-01
9.474922e-03
6.861811e+02
2.232041e+01
1.279205e+02
2.310736e+00
1.939181e+01
3.520989e-02
1.225987e+03
7.099641e-02
1.278819e-03
5.570104e+00
2.790620e-01
1.150349e+00
8.743368e-02
6.708859e-01
1.869921e+00
1.367483e+01
2.509445e-01
9.739671e-01
4.722541e-01
5.812457e+00
3.468404e-01
2.111534e+00
2.474706e+00
2.314232e+00
5.620207e-02
2.124313e+00
2.185565e+00
4.841774e+00
8.037048e+00
4.368340e+00
2.764535e+00
6.701927e-02
5.069456e+00
1.550325e+01
1.232238e+00
1.292858e+00
1.035758e+00
9.523079e+01
4.849063e+01
8.817374e-01
8.205443e+00
5.794154e+00
1.941313e+00
1.410645e+01
7.040530e-01
3.576695e+00
5.766033e-02
2.464408e+02
