2.137558e+01
1.012374e+00
1.444349e-01
1.937618e-01
6.863283e-02
8.370898e-02
2.798516e-02
4.648187e+00
2.866273e-02
1.137159e-01
4.524040e-02
2.881040e-01
5.958364e-02
6.344223e-02
2.764059e-02
5.596856e+00
5.807010e-02
2.591305e+00
3.214776e+00
3.782003e+00
4.572900e-01
3.500610e-01
1.050700e+01
2.675895e-01
3.924823e+00
1.014828e+00
2.191180e+00
7.929633e-01
1.877664e-01
4.997102e-01
3.263884e-01
1.568732e-02
7.901810e-02
3.763043e-01
1.259067e-03
8.498009e-01
6.681091e+00
4.021028e+00
7.686089e-03
5.400964e-04
5.553589e-01
3.810873e-02
6.503853e-02
2.276152e-02
4.690781e-02
2.498445e-01
7.326884e-02
7.291681e+00
6.412133e-02
1.103873e+00
1.629646e-02
6.120972e-01
2.249686e+00
2.175677e+00
5.031120e+00
3.925767e-01
1.647232e-01
1.713263e-01
8.238748e+00
7.938405e-03
7.162445e-03
4.299989e-01
1.246195e+00
2.208021e+00
9.938552e-01
2.101977e-02
3.421570e-02
4.441510e+00
1.955227e-02
1.165309e+00
3.612316e-04
1.935821e-02
4.736554e-01
1.173443e+00
1.733618e+02
9.773435e+04
4.365686e-02
2.604249e+02
2.564294e+00
1.808342e+02
6.335003e-01
3.163716e+01
5.777078e+01
6.841330e-01
7.204305e+00
1.708427e+03
8.922114e+01
8.506861e-01
5.169472e+03
9.105189e+04
6.416292e+01
2.882989e+02
1.525903e+01
3.854693e+02
4.756376e+02
9.374979e+03
1.991094e+02
4.732259e+03
1.195278e+00
1.860441e+02
9.573153e+03
1.679817e-02
1.651365e+03
1.514074e+04
2.794128e+01
4.224051e+01
3.761555e+03
1.125455e+00
5.279174e+02
3.597874e+01
4.375918e+01
2.887607e+01
4.119239e-03
1.340829e+01
1.442924e+03
6.156513e+00
2.908328e-04
2.479422e-03
4.388678e-04
2.269598e-01
1.020046e+02
1.449719e+03
1.006409e+03
1.616012e-01
2.464305e+01
1.042254e+00
1.577088e-03
5.127895e+00
1.750863e+01
1.340872e+00
2.567408e+03
6.210670e+01
6.889320e+01
1.182481e+02
2.356479e+03
1.863724e+01
2.039814e+03
1.677697e-02
1.537540e+03
4.826821e+02
6.990044e+02
1.208685e-02
1.339266e-03
1.313441e-01
4.646557e+00
1.349371e+00
1.846810e-03
1.659255e-02
1.649335e-02
1.764339e+01
4.932521e-02
1.082719e-02
4.539889e-02
3.168548e-01
4.711309e+00
5.106630e-01
3.527683e+00
2.694500e-02
1.296787e+02
6.493408e-03
3.174165e+00
3.065061e+00
8.111466e-01
7.225158e+00
4.282217e-03
1.238808e+03
6.686810e+01
1.797209e+02
2.613820e+00
7.374205e+03
1.338876e-03
3.927063e-01
7.786347e-03
6.945749e+02
3.168938e+04
1.011740e+02
4.164301e+00
1.852151e+01
1.714447e-02
1.292408e+03
7.057927e-02
1.317270e-03
5.652161e+00
4.071867e-01
6.129552e-02
9.290860e-02
6.935534e-01
1.914959e+00
1.540294e+01
2.648329e-01
1.425349e+00
6.676901e-01
6.077051e+00
3.678212e-01
1.987354e+00
6.217716e+00
1.472013e+00
7.765437e-02
2.055844e+00
2.340111e+00
3.915243e+00
6.302170e+00
5.157140e+00
3.344996e+00
6.239823e-02
5.342848e+00
1.409445e+01
8.091277e+00
1.286878e+00
9.820525e-01
7.251188e+00
4.890689e+01
8.838170e-01
1.949067e+01
5.723134e+00
1.922953e+00
9.253302e+00
7.245783e-01
3.720643e+00
5.968259e-02
2.146989e+02
