2.148186e+01
1.009426e+00
1.437491e-01
2.211306e-01
6.863709e-02
8.330132e-02
2.790166e-02
4.633627e+00
2.975275e-02
1.121695e-01
4.632567e-02
3.039166e-01
5.716187e-02
6.410879e-02
6.255339e-02
5.022312e+00
5.796030e-02
2.772365e+00
3.205711e+00
3.844680e+00
4.590249e-01
3.596442e-01
1.053546e+01
2.685701e-01
3.927240e+00
1.018928e+00
2.201631e+00
8.177256e-01
1.862650e-01
5.003265e-01
3.077650e-01
1.570285e-02
7.892817e-02
3.750967e-01
1.413677e-03
8.146030e-01
6.459625e+00
3.980709e+00
7.728055e-03
5.487501e-04
5.634144e-01
3.825244e-02
6.454313e-02
2.308899e-02
4.710007e-02
2.501132e-01
7.366781e-02
6.429509e+00
6.378315e-02
1.012469e+00
1.574929e-02
6.160053e-01
2.220149e+00
2.182265e+00
5.067197e+00
3.882954e-01
1.649970e-01
1.712096e-01
9.885387e+00
7.830640e-03
6.992665e-03
4.825109e-01
1.243310e+00
2.202038e+00
9.971515e-01
2.081333e-02
3.436512e-02
4.511448e+00
1.953556e-02
1.155150e+00
3.618794e-04
1.921111e-02
4.729120e-01
1.174609e+00
1.735667e+02
8.668983e+04
4.417003e-02
2.613461e+02
2.550423e+00
1.802838e+02
6.291266e-01
3.200261e+01
5.802975e+01
6.560937e-01
7.295817e+00
1.706790e+03
8.985807e+01
8.491842e-01
5.282691e+03
8.585680e+04
6.298883e+01
2.857875e+02
1.521248e+01
3.874556e+02
4.761850e+02
9.403467e+03
1.934423e+02
4.698283e+03
1.034445e+00
1.891960e+02
9.439330e+03
1.640913e-02
1.647949e+03
1.494737e+04
2.826772e+01
3.032189e+01
3.436998e+03
1.116787e+00
5.569326e+02
3.796056e+01
4.276210e+01
2.914427e+01
4.473162e-03
1.342694e+01
1.275588e+03
6.192418e+00
1.296894e-04
2.273806e-03
4.455396e-04
2.278985e-01
1.029099e+02
1.499559e+03
1.005149e+03
1.548637e-01
2.468552e+01
1.073981e+00
1.605953e-03
5.166108e+00
1.765569e+01
1.340346e+00
2.585513e+03
6.286878e+01
6.270014e+01
1.179936e+02
2.327726e+03
1.920740e+01
2.043224e+03
1.680290e-02
1.540216e+03
4.841056e+02
6.925891e+02
1.228121e-02
1.335412e-03
1.298207e-01
4.636313e+00
1.340866e+00
1.867224e-03
1.664931e-02
1.647965e-02
1.763965e+01
4.927659e-02
1.086990e-02
4.563596e-02
3.200563e-01
4.641330e+00
5.152841e-01
3.554495e+00
2.863945e-02
1.399392e+02
6.723365e-03
3.076573e+00
3.047073e+00
8.055770e-01
7.232563e+00
4.214700e-03
1.233813e+03
6.735435e+01
1.806421e+02
2.655412e+00
6.461156e+03
1.337724e-03
3.968905e-01
7.805536e-03
6.955225e+02
3.282465e+04
1.025601e+02
4.150491e+00
1.838257e+01
1.717161e-02
1.287315e+03
7.084746e-02
1.312318e-03
5.694961e+00
4.076317e-01
6.088860e-02
9.031405e-02
6.990727e-01
1.936637e+00
1.463305e+01
2.652527e-01
1.421850e+00
5.130686e-01
6.011341e+00
3.669616e-01
1.982505e+00
6.233346e+00
1.476468e+00
7.781219e-02
2.051504e+00
2.329828e+00
4.168644e+00
6.329373e+00
4.728438e+00
3.555970e+00
6.265235e-02
5.319910e+00
1.411229e+01
8.077566e+00
1.283364e+00
1.064559e+00
7.249533e+00
5.146142e+01
8.872838e-01
2.007439e+01
5.839602e+00
1.979469e+00
9.225040e+00
7.043924e-01
3.794832e+00
5.958259e-02
2.199533e+02
