2.002368e+01
1.016671e+00
1.304515e+00
1.206833e-01
6.467338e-02
6.820814e-02
2.658694e-02
4.493007e+00
2.681269e-02
1.142047e-01
4.958785e-02
2.930075e-01
4.752997e-02
4.521557e-02
6.143089e-02
5.195811e+00
5.972657e-02
2.634294e+00
2.718582e+00
4.395264e+00
4.743886e-01
1.654344e-01
1.154512e+01
3.238910e-01
3.688281e+00
7.402500e-01
1.872446e+00
7.585896e-01
1.959687e-01
4.656746e-01
2.038031e-01
1.334161e-03
7.548057e-02
1.828881e-01
1.548324e-03
7.848097e-01
6.117293e+00
4.122122e+00
8.047422e-03
5.872114e-04
5.576072e-01
3.929964e-02
6.954927e-02
3.975901e-03
4.631155e-02
2.327968e-01
1.014639e-01
6.566737e+00
6.208572e-02
1.013454e+00
1.643642e-02
5.757036e-01
2.608275e+00
2.258350e+00
5.217599e+00
3.826615e-01
3.721806e-01
1.191315e+01
9.851905e+00
6.912825e-03
5.658707e-03
5.248130e-01
1.035346e+00
2.398753e+00
8.117859e-01
1.646351e-02
3.460012e-02
4.382631e+00
1.868008e-02
1.207266e+00
2.140822e-04
2.025790e-02
4.643490e-01
1.282900e+00
2.874684e+02
2.580710e+04
5.754816e-02
2.766804e+02
1.738938e+00
1.422123e+02
4.076260e-01
2.381238e+01
4.003063e+00
4.877535e-01
5.285872e+00
5.550180e+03
8.886111e+01
8.594039e-01
3.937682e+03
4.419803e+04
6.062638e+01
2.792014e+02
1.570862e+01
2.329582e+02
5.204247e+02
8.340487e+03
2.193824e+00
4.466097e+03
1.033003e+00
6.167651e+02
9.598838e+03
7.697918e-03
2.032532e+03
5.232336e+03
3.914299e+01
4.727944e+01
3.491118e+03
9.924228e-01
6.073686e+02
3.719888e+01
4.000077e+01
2.947556e+01
4.062671e-03
1.410318e+01
1.343541e+03
6.617660e+00
4.968097e-03
3.610373e-03
6.311830e-04
2.096619e-01
4.637716e+01
2.297663e+03
6.173196e+02
1.674607e-01
1.980005e+01
1.346433e+00
6.218649e-03
5.462886e+00
1.919510e+01
1.152274e+00
2.447931e+03
6.480645e+01
1.443558e+02
1.551602e+02
1.181171e+03
1.559288e+01
2.710921e+03
1.186219e-02
1.549125e+03
6.076134e+02
5.237794e+02
2.082639e-02
1.377823e-03
1.335947e-01
5.126293e+00
1.314270e+00
2.031988e-03
1.641318e-02
1.864367e-02
2.298779e+01
4.824233e-02
1.123394e-02
4.004715e-02
3.522848e-01
4.266989e+00
7.337001e-01
3.230108e+00
3.948022e-02
1.310883e+02
5.969126e-03
2.748538e+00
2.514421e+00
7.512604e-01
7.693507e+00
4.722630e-03
1.486496e+03
7.964850e+01
1.428935e+02
2.187802e+00
2.085358e+03
1.384289e-03
2.175296e-01
9.414843e-03
6.954553e+02
2.163672e+01
1.321475e+02
2.301065e+00
1.958694e+01
3.586783e-02
1.225531e+03
7.136306e-02
1.277599e-03
5.573718e+00
2.919931e-01
1.158936e+00
8.669060e-02
6.833244e-01
1.931484e+00
1.375780e+01
2.438167e-01
9.702249e-01
4.665949e-01
5.811195e+00
3.506225e-01
2.089057e+00
2.407797e+00
2.311875e+00
7.965645e-02
2.126890e+00
2.177306e+00
4.840550e+00
8.009394e+00
4.385207e+00
2.670204e+00
6.761200e-02
5.037252e+00
1.544927e+01
1.229168e+00
1.295655e+00
1.039100e+00
8.622283e+01
4.877440e+01
8.796103e-01
8.104560e+00
5.841985e+00
1.975724e+00
1.408975e+01
6.767379e-01
3.583294e+00
5.783914e-02
2.496091e+02
