2.185386e+01
1.033452e+00
1.324611e+00
1.163897e-01
6.046180e-02
7.968573e-02
2.864781e-02
4.736057e+00
3.214986e-02
1.137960e-01
4.731543e-02
2.998366e-01
5.871647e-02
5.573331e-02
5.584827e-02
5.204004e+00
5.982428e-02
2.754740e+00
3.196358e+00
3.804004e+00
4.613497e-01
3.015741e-01
1.226109e+01
2.661459e-01
3.930863e+00
7.892729e-01
2.244940e+00
7.946022e-01
1.918581e-01
4.950436e-01
2.831508e-01
1.298884e-03
7.424284e-02
3.497371e-01
1.442786e-03
8.144313e-01
6.207586e+00
4.483952e+00
8.105609e-03
5.391047e-04
5.592146e-01
3.859659e-02
6.409511e-02
3.956450e-03
4.655754e-02
2.511914e-01
9.750404e-02
6.435994e+00
6.217056e-02
9.470898e-01
1.542377e-02
6.217434e-01
2.707220e+00
2.122548e+00
5.157429e+00
3.825354e-01
2.830656e-01
3.891623e+01
1.045342e+01
7.819814e-03
5.913174e-03
4.903449e-01
1.241680e+00
2.231854e+00
7.970064e-01
2.021279e-02
3.626894e-02
4.352912e+00
2.087674e-02
1.202702e+00
2.684231e-04
1.741733e-02
4.630064e-01
1.274830e+00
1.378349e+02
2.307909e+04
4.436641e-02
2.483416e+02
2.508742e+00
1.782364e+02
6.310970e-01
2.432535e+01
1.688729e+01
4.921560e-01
5.476375e+00
2.635175e+03
9.030155e+01
8.670427e-01
5.303193e+03
8.409086e+04
6.002593e+01
2.863766e+02
1.510061e+01
2.357126e+02
4.774913e+02
9.566274e+03
2.493953e+00
4.739311e+03
1.425564e+00
2.080745e+02
9.266845e+03
7.930464e-03
2.006869e+03
1.418779e+04
3.212803e+01
4.304693e+01
3.453475e+03
9.670660e-01
5.338096e+02
3.721828e+01
4.100936e+01
3.097323e+01
4.478569e-03
1.385074e+01
1.441244e+03
6.184389e+00
1.010742e-04
2.437501e-03
4.906550e-04
2.054292e-01
4.579287e+01
1.537364e+03
6.017614e+02
1.672012e-01
2.101640e+01
1.092180e+00
4.967570e-03
5.281986e+00
1.793988e+01
1.255963e+00
2.784733e+03
6.515662e+01
1.327916e+02
1.570929e+02
1.240063e+03
1.860061e+01
2.135011e+03
1.336468e-02
1.520865e+03
4.917362e+02
6.632449e+02
1.925152e-02
1.338328e-03
1.343611e-01
4.726340e+00
1.289931e+00
1.959195e-03
1.640413e-02
1.692341e-02
1.764958e+01
4.877850e-02
1.151004e-02
4.022443e-02
3.242621e-01
4.608126e+00
5.074234e-01
3.533328e+00
4.283303e-02
1.361977e+02
6.615702e-03
3.012611e+00
2.621568e+00
8.049982e-01
7.647084e+00
3.921833e-03
1.222960e+03
7.865773e+01
1.630534e+02
2.383265e+00
5.956429e+03
1.344040e-03
6.527392e-01
8.810356e-03
6.871663e+02
2.159327e+01
1.124792e+02
4.005245e+00
1.824841e+01
1.727415e-02
1.192359e+03
7.100889e-02
1.311744e-03
5.659438e+00
2.919612e-01
1.242354e+00
8.632525e-02
6.736567e-01
1.941888e+00
1.348560e+01
2.508897e-01
9.925927e-01
4.795585e-01
5.860929e+00
3.670052e-01
1.987992e+00
6.118436e+00
1.515775e+00
7.805086e-02
2.162185e+00
2.428979e+00
4.678300e+00
7.822720e+00
4.675453e+00
2.791044e+00
6.994413e-02
4.952884e+00
1.582126e+01
1.488908e+00
1.289141e+00
1.114300e+00
7.401436e+00
9.852508e+01
9.229716e-01
2.278686e+01
5.804624e+00
1.960635e+00
8.739487e+00
6.834175e-01
3.836430e+00
5.262236e-02
1.996409e+02
