1.944385e+01
1.000700e+00
1.242229e-01
1.924959e-01
8.136347e-02
8.542729e-02
2.737224e-02
5.733285e+00
2.829000e-02
1.134956e-01
4.282130e-02
2.899835e-01
5.982881e-02
6.223399e-02
2.648682e-02
5.498100e+00
6.378941e-02
2.624684e+00
3.138598e+00
3.772452e+00
4.521323e-01
3.622540e-01
1.034343e+01
2.632089e-01
3.918717e+00
9.729747e-01
2.220173e+00
8.210342e-01
1.830644e-01
5.201358e-01
3.462885e-01
1.545174e-02
8.536646e-02
3.766916e-01
1.219047e-03
8.253018e-01
6.621704e+00
4.189806e+00
7.159357e-03
5.727880e-04
7.815363e-01
3.985853e-02
7.330947e-02
2.292801e-02
4.118679e-02
2.468088e-01
7.359514e-02
6.911261e+00
6.387690e-02
9.927474e-01
1.618023e-02
6.262722e-01
1.892658e+00
2.183378e+00
4.812906e+00
3.824572e-01
1.555184e-01
1.713340e-01
6.465163e+00
8.076684e-03
7.006410e-03
4.498639e-01
1.263340e+00
2.209457e+00
9.739995e-01
1.933081e-02
3.832225e-02
5.115489e+00
2.076274e-02
1.162524e+00
3.456283e-04
1.948422e-02
4.856442e-01
1.167560e+00
1.774014e+02
8.190172e+04
4.212937e-02
2.671384e+02
2.703766e+00
1.565652e+02
5.626408e-01
4.732602e+02
1.035065e+02
4.563663e-01
8.562067e+00
1.670210e+03
3.179590e+02
8.943689e-01
5.177447e+03
9.529424e+04
8.026442e+01
2.990080e+02
2.351172e+01
3.842077e+02
2.695555e+01
9.345514e+03
3.018212e+02
2.248197e+04
1.000764e+00
1.760683e+02
9.554123e+03
1.612303e-02
1.587192e+03
1.233122e+04
3.250178e+01
3.982264e+01
3.942102e+03
1.155566e+00
5.358825e+02
4.061287e+01
4.255320e+01
2.964084e+01
4.113458e-03
1.044753e+01
1.498240e+03
6.644390e+00
2.682743e-04
2.289936e-03
4.532305e-04
2.321035e-01
5.288549e+01
1.419676e+03
1.163897e+03
1.490525e-01
2.574481e+01
1.510433e-01
1.487111e-03
5.090361e+00
1.730003e+01
1.333959e+00
2.552528e+03
6.457705e+01
6.217605e+01
9.008453e+01
2.318500e+03
1.916759e+01
2.055450e+03
3.307145e-02
1.557509e+03
4.786892e+02
6.953533e+02
1.187475e-02
1.383006e-03
2.984952e-01
4.655369e+00
1.381997e+00
1.840626e-03
1.641358e-02
1.898742e-02
1.732520e+01
4.875783e-02
1.087041e-02
4.565313e-02
2.167750e-01
4.778659e+00
4.687544e-01
1.463097e+00
2.076347e-02
1.240951e+02
6.978464e-03
3.156860e+00
2.069480e+02
9.343918e-02
1.232179e+01
4.759422e-03
1.231182e+03
9.151115e+01
1.798571e+02
2.401202e+00
7.749017e+03
1.344082e-03
4.599037e+00
7.974590e-03
6.846556e+02
5.726263e+04
9.788190e+01
4.094583e+00
1.773007e+01
1.738972e-02
1.327027e+03
6.633866e-02
1.282914e-03
5.627241e+00
3.852836e-01
5.339941e-02
9.294689e-02
6.955923e-01
1.724388e+00
9.799173e+01
2.543963e-01
1.422084e+00
8.065702e-01
5.997489e+00
3.560171e-01
8.812950e+00
6.225332e+00
8.586278e-02
7.370588e-02
2.057293e+00
2.347791e+00
3.883334e+00
6.288487e+00
5.162310e+00
3.348635e+00
6.238208e-02
5.031414e+00
1.435402e+01
8.398677e+00
1.141997e+00
1.028606e+00
8.366724e+00
5.169968e+01
8.776623e-01
1.976913e+01
5.837083e+00
1.920418e+00
9.122920e+00
7.398920e-01
3.731682e+00
6.008155e-02
2.006209e+02
