2.393396e+01
9.947275e-01
1.323203e-01
1.911596e-01
6.920568e-02
8.404556e-02
2.802159e-02
4.643871e+00
2.799409e-02
1.138704e-01
4.528599e-02
2.877101e-01
5.935716e-02
6.339820e-02
2.784575e-02
5.605018e+00
5.870833e-02
2.591396e+00
3.187557e+00
3.781602e+00
4.575194e-01
3.557673e-01
1.044702e+01
2.676668e-01
3.937458e+00
1.015978e+00
2.193222e+00
7.882791e-01
1.865651e-01
5.000489e-01
3.517428e-01
1.564020e-02
7.914669e-02
3.753436e-01
1.254914e-03
8.525986e-01
6.667767e+00
4.019800e+00
7.670862e-03
5.420084e-04
6.961617e-01
3.987788e-02
6.586412e-02
2.280644e-02
4.683408e-02
2.499218e-01
7.369767e-02
7.263805e+00
6.458772e-02
9.852234e-01
1.629689e-02
6.041457e-01
2.252323e+00
2.171641e+00
5.031239e+00
3.923330e-01
1.644629e-01
1.710291e-01
8.267833e+00
7.934447e-03
7.226818e-03
4.320045e-01
1.247422e+00
2.210799e+00
9.933069e-01
1.949157e-02
3.444353e-02
4.558258e+00
1.953281e-02
1.166139e+00
3.424194e-04
1.940105e-02
4.776843e-01
1.173315e+00
1.722174e+02
9.468887e+04
4.389113e-02
2.625082e+02
2.570517e+00
1.765401e+02
5.739805e-01
3.172258e+01
5.869095e+01
6.799177e-01
8.589349e+00
1.688976e+03
8.944154e+01
8.170166e-01
5.169538e+03
9.074096e+04
6.407846e+01
2.923399e+02
1.526327e+01
3.850316e+02
4.528310e+02
9.270289e+03
2.922802e+02
4.731678e+03
1.197485e+00
1.848163e+02
9.260806e+03
1.679815e-02
1.655649e+03
1.528755e+04
3.137193e+01
4.477171e+01
3.816502e+03
1.109831e+00
5.366813e+02
3.677265e+01
4.362049e+01
2.888332e+01
4.146228e-03
1.319750e+01
1.453712e+03
6.194887e+00
2.834691e-04
2.452959e-03
4.408156e-04
2.270579e-01
1.110835e+02
1.457023e+03
1.041147e+03
1.608588e-01
2.462281e+01
9.810484e-01
1.547445e-03
5.124002e+00
1.748097e+01
1.342052e+00
2.562635e+03
6.197234e+01
7.060999e+01
1.183392e+02
2.357320e+03
1.882699e+01
2.018032e+03
1.689453e-02
1.582471e+03
4.829944e+02
6.985252e+02
1.208625e-02
1.383018e-03
1.325040e-01
4.673733e+00
1.350328e+00
1.849655e-03
1.653713e-02
1.646423e-02
1.754407e+01
4.909362e-02
1.085364e-02
4.679312e-02
2.252835e-01
4.725874e+00
4.970334e-01
3.493286e+00
2.139548e-02
1.278892e+02
6.797270e-03
3.227462e+00
3.082855e+00
8.120268e-01
7.229761e+00
4.621890e-03
1.245993e+03
6.658399e+01
1.764113e+02
2.610755e+00
7.295438e+03
1.339221e-03
3.913387e-01
7.684285e-03
6.854180e+02
3.199551e+04
1.011336e+02
4.079864e+00
1.867271e+01
1.694619e-02
1.328096e+03
7.007655e-02
1.308151e-03
5.652912e+00
4.074064e-01
5.998051e-02
9.352934e-02
6.941959e-01
1.870916e+00
1.626203e+01
2.643798e-01
1.424576e+00
6.671987e-01
6.081028e+00
3.678962e-01
1.987939e+00
6.270359e+00
1.013199e-01
7.059874e-02
2.054065e+00
2.346556e+00
3.945068e+00
6.294817e+00
5.157716e+00
3.332499e+00
6.264471e-02
5.355357e+00
1.409110e+01
8.097184e+00
1.261663e+00
9.827371e-01
7.346458e+00
4.907245e+01
8.900581e-01
1.956566e+01
5.716995e+00
1.919598e+00
9.173952e+00
7.250206e-01
3.718959e+00
6.016119e-02
2.145818e+02
