2.434208e+01
9.994807e-01
1.302465e-01
1.905762e-01
7.972139e-02
8.505442e-02
2.726184e-02
4.595585e+00
2.763849e-02
1.135976e-01
4.394027e-02
2.895515e-01
5.962076e-02
6.300095e-02
2.665117e-02
5.961910e+00
6.420278e-02
2.633545e+00
3.175271e+00
3.786299e+00
4.491573e-01
3.644675e-01
1.042572e+01
2.660074e-01
3.919655e+00
1.026884e+00
2.217462e+00
7.915153e-01
1.830535e-01
4.993210e-01
3.481401e-01
1.570840e-02
8.307538e-02
3.866387e-01
1.242958e-03
8.536944e-01
6.672493e+00
4.102895e+00
7.680060e-03
5.729034e-04
7.442038e-01
3.986027e-02
6.567246e-02
2.313457e-02
4.103953e-02
2.462926e-01
7.386550e-02
7.233534e+00
6.441722e-02
9.915283e-01
1.625052e-02
6.032182e-01
2.358641e+00
2.175232e+00
5.015008e+00
3.917857e-01
1.644394e-01
1.654365e-01
8.324558e+00
7.975733e-03
7.238775e-03
4.416683e-01
1.241585e+00
2.218083e+00
9.893281e-01
1.948958e-02
3.605084e-02
4.570114e+00
1.943978e-02
1.157086e+00
3.453548e-04
1.924192e-02
4.785531e-01
1.171301e+00
1.744079e+02
8.984454e+04
4.384793e-02
2.587997e+02
2.628057e+00
1.703531e+02
5.707473e-01
3.192698e+01
5.815457e+01
6.910227e-01
8.467206e+00
1.671824e+03
7.715938e+01
8.282097e-01
5.329154e+03
9.002779e+04
6.408631e+01
2.945755e+02
2.299323e+01
3.850616e+02
4.504584e+02
9.370755e+03
3.000038e+02
4.761709e+03
1.275507e+00
1.891237e+02
9.583152e+03
1.663573e-02
1.654109e+03
1.570111e+04
3.228722e+01
4.648960e+01
3.860693e+03
1.114686e+00
5.376034e+02
4.052518e+01
4.437374e+01
2.896695e+01
4.097911e-03
1.323949e+01
1.451221e+03
6.226269e+00
2.883829e-04
2.295269e-03
4.684677e-04
2.273664e-01
1.100631e+02
1.415196e+03
1.165197e+03
1.592927e-01
2.474293e+01
7.910041e-01
1.526011e-03
5.130420e+00
1.798606e+01
1.358328e+00
2.540874e+03
6.335991e+01
6.928319e+01
1.118464e+02
2.313315e+03
1.891094e+01
2.043979e+03
5.838894e-02
1.565813e+03
4.798941e+02
6.988789e+02
1.208778e-02
1.380899e-03
1.345906e-01
4.652821e+00
1.366793e+00
1.841659e-03
1.653224e-02
1.662747e-02
1.737899e+01
4.931110e-02
1.086907e-02
4.718993e-02
2.130742e-01
4.734019e+00
4.647260e-01
3.485809e+00
2.070735e-02
1.253277e+02
6.828047e-03
3.129462e+00
3.082095e+00
1.012559e+00
6.103932e+00
4.656894e-03
1.245769e+03
6.691615e+01
1.764969e+02
2.632331e+00
8.178281e+03
1.339587e-03
4.341995e-01
7.647491e-03
6.846191e+02
5.848125e+04
1.005521e+02
4.074395e+00
1.938118e+01
1.711922e-02
1.328589e+03
6.954150e-02
1.308037e-03
5.635235e+00
4.014172e-01
5.526796e-02
9.392518e-02
6.954731e-01
1.821662e+00
1.638045e+01
2.637146e-01
1.421741e+00
7.967353e-01
6.004426e+00
3.603957e-01
1.976876e+00
6.272704e+00
7.555565e-02
7.655771e-02
2.056659e+00
2.340051e+00
3.878329e+00
6.254767e+00
5.238385e+00
3.341119e+00
6.209549e-02
5.419428e+00
1.417947e+01
8.270424e+00
1.134896e+00
9.837448e-01
6.962854e+00
5.004825e+01
8.911850e-01
1.986860e+01
5.755994e+00
1.918069e+00
9.105943e+00
7.366216e-01
3.713554e+00
5.998240e-02
2.011771e+02
