1.820487e+01
1.131557e+00
1.247165e-01
1.761905e-01
8.384391e-02
8.579164e-02
2.728798e-02
5.779866e+00
2.849258e-02
1.141500e-01
2.731396e-02
2.888095e-01
5.750594e-02
6.098994e-02
2.631594e-02
5.582450e+00
6.378305e-02
2.585656e+00
3.137407e+00
3.829054e+00
4.685560e-01
3.698583e-01
1.036909e+01
2.628050e-01
4.103588e+00
9.795517e-01
2.218376e+00
8.220867e-01
1.842956e-01
5.279838e-01
3.491849e-01
1.390211e-02
8.301743e-02
3.845365e-01
1.300106e-03
8.239793e-01
6.347719e+00
4.231788e+00
6.723693e-03
5.739662e-04
7.569338e-01
3.984723e-02
7.315702e-02
2.327409e-02
4.168842e-02
2.459225e-01
7.392275e-02
6.876313e+00
6.294580e-02
1.063093e+00
1.560766e-02
5.992387e-01
1.902647e+00
2.212302e+00
4.809812e+00
3.764218e-01
1.340466e-01
1.826176e-01
6.511143e+00
3.287283e-03
6.835369e-03
4.320761e-01
1.248061e+00
2.156740e+00
9.776481e-01
1.874616e-02
3.849883e-02
4.558869e+00
1.857939e-02
1.153495e+00
3.515230e-04
1.940229e-02
4.998889e-01
1.226592e+00
1.691123e+02
8.877389e+04
3.895191e-02
3.011267e+02
2.757306e+00
1.560922e+02
5.514782e-01
4.914951e+02
1.317760e+02
4.253663e-01
8.358298e+00
1.763150e+03
3.188926e+02
8.976647e-01
5.137646e+03
9.876274e+04
7.887406e+01
2.994393e+02
2.308029e+01
3.914708e+02
3.231352e+01
8.804654e+03
3.015087e+02
2.272992e+04
1.021272e+00
1.743555e+02
6.916875e+03
1.638251e-02
1.680485e+03
2.359516e+04
3.216999e+01
3.708206e+01
3.934165e+03
1.157710e+00
5.696181e+02
4.337991e+01
4.256309e+01
2.955798e+01
4.065543e-03
1.014947e+01
1.606669e+03
6.803172e+00
2.688837e-04
2.304659e-03
4.739847e-04
2.433896e-01
4.912508e+01
1.553337e+03
1.010975e+03
9.057482e-02
2.627988e+01
1.601039e-01
1.302753e-03
5.350048e+00
1.930227e+01
1.387462e+00
2.568160e+03
6.417748e+01
6.242867e+01
9.022340e+01
2.288349e+03
1.946502e+01
1.963366e+03
3.144169e-02
1.588299e+03
4.804619e+02
6.997932e+02
1.195341e-02
1.380727e-03
3.091185e-01
4.753670e+00
1.426450e+00
1.916924e-03
1.707438e-02
1.849786e-02
1.709113e+01
4.885827e-02
1.039172e-02
4.524726e-02
2.053551e-01
4.607604e+00
5.750355e-01
9.186753e-03
2.171003e-02
1.245286e+02
6.959222e-03
3.115544e+00
1.407445e+03
1.063334e-01
1.234376e+01
4.956154e-03
9.828907e+02
9.243927e+01
1.798116e+02
2.339888e+00
7.550377e+03
1.229667e-03
3.475978e+00
8.696854e-03
6.840884e+02
2.212599e+04
9.718452e+01
3.896960e+00
1.779349e+01
1.644839e-02
1.412977e+03
6.648832e-02
1.268146e-03
3.825139e+00
3.816288e-01
4.718523e-02
9.347732e-02
6.971425e-01
1.489244e+00
9.698631e+01
2.535358e-01
1.419637e+00
7.964909e-01
6.102142e+00
3.531727e-01
1.437488e+01
5.011470e+00
8.244230e-02
7.394914e-02
2.046102e+00
2.372651e+00
3.761053e+00
6.295991e+00
5.164985e+00
3.348053e+00
6.074431e-02
5.227296e+00
1.420820e+01
8.408877e+00
1.141223e+00
1.026956e+00
7.991289e+00
5.032071e+01
9.162002e-01
1.969645e+01
5.669717e+00
1.899285e+00
9.016554e+00
7.372281e-01
3.740938e+00
6.948371e-02
1.881390e+02
