2.160221e+01
1.013035e+00
1.514709e-01
2.198596e-01
6.671865e-02
8.127036e-02
2.744332e-02
4.654328e+00
3.351037e-02
1.123729e-01
4.606985e-02
3.040097e-01
5.715880e-02
6.446578e-02
6.287223e-02
5.021354e+00
5.879890e-02
2.761448e+00
3.255054e+00
3.823966e+00
4.626143e-01
3.131451e-01
1.050734e+01
2.574813e-01
3.949337e+00
1.016140e+00
2.203282e+00
8.109804e-01
1.838498e-01
4.996745e-01
3.078066e-01
1.597823e-02
7.895768e-02
3.738339e-01
1.409561e-03
8.067800e-01
6.361184e+00
4.015481e+00
7.860640e-03
5.494971e-04
5.636510e-01
3.835446e-02
6.426442e-02
2.303943e-02
4.710315e-02
2.527859e-01
7.353464e-02
6.437001e+00
6.390078e-02
1.000596e+00
1.550514e-02
6.116286e-01
2.245599e+00
2.206083e+00
5.157083e+00
3.839628e-01
1.485164e-01
1.697179e-01
9.910595e+00
7.847916e-03
7.032530e-03
4.875096e-01
1.245739e+00
2.203979e+00
1.009948e+00
2.088500e-02
3.414390e-02
4.745472e+00
1.936425e-02
1.156672e+00
2.657341e-04
1.897360e-02
4.756340e-01
1.179770e+00
1.744021e+02
8.012202e+04
4.308106e-02
2.596402e+02
2.565508e+00
1.842728e+02
6.284140e-01
3.099319e+01
5.968730e+01
5.108859e-01
6.714820e+00
1.693807e+03
9.106215e+01
8.526122e-01
5.397135e+03
8.295629e+04
6.295885e+01
2.888754e+02
1.512862e+01
3.996190e+02
4.772905e+02
9.402524e+03
1.915560e+02
4.625432e+03
1.000176e+00
1.950652e+02
9.577925e+03
1.354004e-02
1.692698e+03
1.413445e+04
2.829534e+01
3.019399e+01
3.488332e+03
9.839229e-01
5.546711e+02
3.782497e+01
4.030038e+01
2.941491e+01
4.439877e-03
1.352339e+01
1.347617e+03
6.150520e+00
1.352058e-04
2.260404e-03
4.092052e-04
2.274353e-01
1.016256e+02
1.506155e+03
1.013313e+03
1.535473e-01
2.474751e+01
1.073284e+00
1.614544e-03
5.191999e+00
1.752727e+01
1.265802e+00
2.582841e+03
6.312226e+01
6.196628e+01
1.193529e+02
2.338540e+03
1.936552e+01
2.041082e+03
1.666175e-02
1.542083e+03
4.790327e+02
6.523765e+02
1.221419e-02
1.330287e-03
1.312577e-01
4.719022e+00
1.305136e+00
1.858606e-03
1.635692e-02
1.701912e-02
1.769022e+01
4.921738e-02
1.082573e-02
4.507031e-02
3.220513e-01
4.688739e+00
5.169059e-01
3.575140e+00
2.876838e-02
1.362495e+02
6.618600e-03
3.040614e+00
3.044822e+00
8.052591e-01
7.313639e+00
4.222277e-03
1.222840e+03
7.058775e+01
1.806704e+02
2.633282e+00
6.479035e+03
1.337547e-03
4.011061e-01
7.877154e-03
6.978256e+02
3.249325e+04
1.028659e+02
4.076419e+00
1.844161e+01
1.732212e-02
1.277098e+03
7.091545e-02
1.318589e-03
5.699017e+00
4.083324e-01
6.152655e-02
8.913786e-02
6.984565e-01
1.962223e+00
1.468454e+01
2.651632e-01
1.189923e+00
4.985036e-01
6.006903e+00
3.652501e-01
1.991479e+00
6.163855e+00
1.526876e+00
7.770628e-02
2.047347e+00
2.357060e+00
4.194525e+00
6.326661e+00
4.731454e+00
3.612128e+00
6.340553e-02
5.338344e+00
1.412388e+01
8.267871e+00
1.289072e+00
1.056730e+00
7.258376e+00
8.705875e+01
8.869922e-01
2.055578e+01
5.854825e+00
1.965546e+00
9.286614e+00
7.075289e-01
3.790266e+00
6.118325e-02
2.268701e+02
