2.143376e+00
1.887529e-01
7.233845e-01
2.394780e+00
2.363174e-01
9.637866e-02
3.348946e+00
6.651687e+00
7.654365e-01
1.647016e-01
1.231092e-01
1.813287e+00
4.318753e-01
6.479870e+00
7.188721e-02
4.397229e+00
7.326678e+00
2.608371e-02
1.195885e+00
1.345527e-01
3.575555e+00
1.479883e+01
6.962433e+00
3.710058e-02
9.022841e-01
4.173098e-01
1.501336e+00
1.812482e+00
7.588759e-02
6.666497e+00
2.003888e-03
1.300178e-02
5.525276e-01
3.451852e-01
6.247698e-03
1.017444e-03
1.265409e+00
3.443891e-01
4.684020e-01
5.386639e-04
2.565407e+00
2.305674e-03
2.540512e-01
5.672208e+00
2.118321e-01
5.921514e-01
1.309452e+01
4.156458e-02
1.277420e-02
5.502039e+00
1.161913e-01
1.988316e+00
2.083852e+00
1.495373e+00
9.777473e-04
3.759438e-01
1.433886e-02
5.583861e+00
2.568656e+00
2.925229e-02
8.918683e-01
2.484059e+00
1.707120e+00
1.532888e-01
3.557307e-01
5.532130e-02
9.899767e-01
3.076945e-03
4.623395e-02
3.317327e-01
1.749672e-03
3.173749e-01
9.643356e-03
6.053656e-01
1.183212e+01
3.792950e+02
1.688947e+04
4.186679e-03
7.232122e-01
2.424813e+00
3.322168e+01
7.891956e+02
1.479878e+04
2.670842e+02
1.848600e+01
9.664759e+02
7.309995e+01
5.278783e-01
5.652864e+03
2.267407e-02
7.926856e+02
2.450086e+04
4.967835e+02
1.765638e-01
4.974977e+01
1.159081e+02
6.220727e+02
8.534218e+03
2.391832e+01
4.534883e+01
1.464973e+01
1.878881e+01
6.697240e+02
1.747453e-01
3.398546e+00
3.316384e-02
1.066966e+01
9.266448e+01
5.810547e+02
1.663335e-03
7.030026e+01
1.035098e-01
1.111110e-03
9.188734e-01
6.406286e+02
8.230375e-01
3.219404e-02
2.092339e-02
7.243594e+00
1.777876e+02
5.082867e+02
2.269270e+02
9.997686e-02
9.539792e-01
3.054502e-02
1.672684e+01
1.556017e-01
1.960144e+04
2.219572e+00
4.579425e+01
4.479391e+02
7.171304e-01
5.625088e+02
5.292661e+00
6.448573e+03
3.268639e+01
1.896093e+02
1.056655e+02
2.025664e+01
6.130736e-02
2.805231e+02
8.171643e-01
2.361348e-01
3.374774e-01
4.047084e+01
1.704649e-01
2.884283e-01
1.119834e-03
1.265088e+00
1.187556e+02
1.093640e-01
2.565067e-04
8.694775e-03
3.296660e+01
1.184931e-01
1.112781e+00
6.261358e-04
1.238541e-01
1.086429e-02
2.392021e+02
1.786741e-02
9.702135e+02
7.504067e+02
5.714896e+01
1.125486e+02
1.289072e+01
4.922530e+00
1.750896e+03
8.344795e-04
7.634101e+01
9.174685e-04
1.145930e+03
1.177442e+01
4.467122e+01
3.329525e-01
2.178853e+00
1.182094e-01
1.285411e+02
3.394873e+00
5.482722e+01
9.671914e-03
6.119984e-03
1.024247e+01
2.223149e-02
5.166773e-02
2.765339e-01
3.974074e+00
1.583675e+01
1.550305e+00
5.630591e-01
3.382789e-02
1.033506e+01
1.118595e+00
2.403142e-01
1.341824e+00
9.142288e-02
2.652562e-01
1.021710e-01
1.492317e+00
6.654441e+00
2.585350e-01
2.377345e+01
2.574910e+00
2.675448e+01
3.130166e-02
2.384338e-02
6.486453e+00
9.652718e+00
1.675574e-01
1.158771e+00
1.247981e-01
9.975877e-01
1.342657e+00
3.976837e-01
4.065835e-02
2.346002e-01
3.638669e+01
1.609397e+00
3.586639e-02
4.550539e+00
2.848665e+02
