1.231448e-01
2.401005e-01
7.354852e+00
4.586410e-02
1.334183e+01
3.101123e+01
1.946337e-01
4.896648e+00
3.887835e+01
1.321040e-01
9.015916e-01
5.427727e+00
2.961809e-02
7.660937e-01
5.324266e+00
1.345200e-01
5.340298e-02
5.715464e+00
1.124784e+00
1.947365e-01
4.903001e-01
2.401372e-01
2.777497e-01
3.200401e+01
4.653386e+00
7.428873e-02
1.147015e-01
4.096628e-01
2.978159e+01
3.033759e-01
7.218036e+00
7.362296e-02
3.133731e-01
1.109156e-03
8.931845e-04
3.585811e-03
2.335192e-01
1.325778e-03
1.072598e-01
3.253402e+01
2.124233e-01
3.119364e-02
7.109127e-01
7.667817e-03
1.080035e+01
2.150598e+00
1.540734e-03
9.777559e-03
1.220960e+01
5.531525e-01
3.430634e+00
1.066544e+01
1.291757e-03
3.725146e-03
2.873597e-04
4.693294e+01
5.350512e-02
2.564250e-01
2.043279e-04
3.775268e-03
5.585174e-02
1.810497e+00
4.241807e-02
3.155117e-03
9.463273e-03
4.497978e-03
2.137744e-04
6.106346e-02
8.587306e-01
1.494364e+01
2.618974e-01
2.867965e-01
2.361446e+00
2.202851e-02
2.803565e+00
1.172209e-01
6.872952e+03
8.621951e+01
1.747474e+01
2.927408e-01
5.361538e+01
1.507746e-02
3.487114e-04
8.415188e+03
4.393687e+01
4.251823e+03
4.510156e+02
5.366461e+02
3.865589e+00
3.107056e+02
9.921134e+00
7.313316e+00
7.086147e+03
4.053089e-01
2.458885e+02
6.490431e-02
4.646609e+03
1.825011e+03
1.465593e+03
1.000601e-03
1.765734e+00
1.828083e-02
2.571108e+03
1.356400e-03
2.449928e+01
2.467961e+02
2.550577e+01
3.944488e+01
2.394435e+00
1.160941e+00
1.790123e+00
4.033167e-02
6.593955e-03
1.934447e+01
8.858685e-04
1.335169e+00
1.811206e-02
6.436942e-02
2.224724e+02
5.064439e+01
1.558214e-02
7.602382e+01
5.647769e+02
1.345554e+00
4.531729e+04
2.441311e+00
1.431551e+04
6.942408e+02
1.053829e+02
2.310512e+01
1.975743e+03
3.348229e+04
3.730990e+00
1.013276e+02
1.792835e+01
1.092824e+00
3.278396e+01
3.654075e+00
2.228711e+02
2.040972e+01
1.296145e+03
1.490027e-01
6.203823e-02
8.683261e+04
2.766647e+03
1.636027e+03
9.579485e-04
1.437166e-02
1.239128e+03
3.598759e+03
6.081561e-04
1.393733e-03
3.232875e+03
6.667296e-01
9.549524e+00
4.012600e+03
3.847210e-01
4.146939e-04
1.194253e+04
4.480792e+02
6.960349e+00
1.200062e+02
1.421902e+01
3.850604e+01
1.320735e+04
5.116180e+03
4.002598e-04
3.025289e+00
1.429354e-02
3.164754e+04
4.533417e-04
9.976721e+04
1.680469e+00
3.001534e+01
3.440139e+01
7.224482e+01
1.993092e+04
4.977172e+00
1.160206e-03
4.458657e+01
3.109080e-03
7.604733e-01
6.967466e-02
1.923656e+00
2.172175e-02
2.030262e+01
3.899992e+01
4.928910e-02
2.636372e+00
1.818002e-01
8.684174e+00
1.034844e+00
2.809597e+01
3.451471e+00
2.092251e+00
9.192664e-02
1.831785e+00
1.453818e-01
1.227839e+01
1.411752e-01
1.295124e-01
3.396748e+01
1.953390e-02
2.129746e+00
2.161006e-01
1.541871e+00
2.484328e+00
8.358698e+00
6.109642e-02
1.897528e+00
1.748919e+00
2.616865e-02
4.802584e+00
1.127529e+00
3.406032e+01
2.412714e-02
9.865440e+01
3.087066e-02
6.121328e+00
3.832453e-02
4.841555e+00
