4.002333e+00
8.458112e+00
8.935099e+00
3.286015e-02
3.699208e-01
1.075352e+00
2.439072e-01
5.890503e-02
2.849242e+00
1.338903e-01
4.678284e-01
3.897425e-02
5.807116e-02
2.993796e+00
3.496718e-01
5.998239e+00
3.307166e-01
1.153514e+00
7.258693e-01
2.898133e-01
1.127704e+00
9.393255e-02
4.510678e-01
1.697320e+00
1.850316e+00
2.456246e+00
8.767458e-01
2.514848e-01
1.474845e-01
1.251668e-01
3.837037e-01
3.468864e+00
2.098088e-03
1.040740e-02
2.740442e-03
1.502819e-03
8.917257e-02
1.963414e+00
7.831762e+00
3.279347e-03
4.160668e-02
2.380791e+01
6.041171e-01
4.191274e+01
2.583027e+01
5.365042e+01
1.693517e-03
3.085779e-02
1.025455e+01
9.513546e-03
8.614594e-04
7.129308e-02
4.496220e-02
4.496012e+00
4.609611e-03
1.006724e-02
2.501614e-01
2.757116e-02
1.255993e-01
5.399022e+00
1.273585e-01
1.681650e-01
6.244210e-01
2.896757e-03
1.099448e-01
2.045511e-02
5.734901e-03
3.424879e-01
4.507718e-03
1.610754e+00
7.456551e-02
2.092833e-02
7.690724e-03
9.553728e-02
1.502790e+02
1.061292e+03
5.327328e+00
4.915677e+01
6.581332e+01
1.177267e+00
6.122713e-03
5.914079e-03
2.040843e+03
3.202407e+01
2.283489e+01
5.194182e+00
6.592459e-03
5.418985e-01
4.923110e+01
2.863131e+01
3.297737e+02
1.955592e+04
3.523914e+02
1.997853e+04
3.393326e+02
6.010317e+02
7.893722e+01
2.490354e-01
5.958525e+02
5.199945e-02
7.450687e+01
9.830366e+02
1.079820e+03
1.625354e+01
5.295216e+02
1.192060e-01
6.088307e+00
1.413358e-01
1.711801e+02
2.443920e+02
6.876488e+01
2.961434e+01
9.968071e+04
9.966707e+01
5.230056e+02
2.580598e+02
1.675006e+02
2.740194e-04
1.238112e+01
2.959757e+02
1.560195e+02
2.135798e+02
1.488458e+02
1.313280e+02
3.111126e-02
3.807506e+00
7.823709e+00
1.437287e+02
9.757462e+02
7.924585e+02
2.613453e+02
3.536389e+01
5.007118e+01
2.080212e+00
2.679201e+02
1.175560e+02
1.502158e+02
1.776385e+02
2.033962e+01
6.690265e+02
1.978917e+03
9.858204e-01
6.301414e-02
6.834074e+02
3.697890e+00
2.115139e+02
1.989701e+01
5.630937e-01
1.107805e+02
1.912922e+03
1.036589e-03
3.860598e-02
2.355954e-01
4.348800e+03
1.678865e+01
4.115155e+01
5.143251e-02
3.343911e-03
1.816636e+03
1.574714e+00
2.718679e-03
3.251250e+01
3.081316e+02
1.084676e+00
3.397234e+00
1.234669e+03
6.824954e+01
5.226588e+00
7.635265e+02
6.087403e-01
4.590132e-02
6.672985e+02
6.930284e+00
2.173548e+01
2.547776e+01
3.162842e+00
2.366023e+02
9.727716e+03
4.996951e-02
1.556388e+02
4.232189e-02
4.028135e-03
5.018870e-01
1.206637e-01
2.574876e+00
4.912267e-02
2.500158e+00
1.066132e-01
1.353262e-02
3.631118e-02
9.187895e+00
1.437082e+01
1.018331e+00
2.828016e+00
1.820882e+01
4.547467e+00
1.881915e-01
1.012163e-01
4.662078e+01
1.378315e+01
1.408777e+01
2.091501e-01
3.335158e-01
1.902654e+01
6.991120e-01
2.958035e+00
3.060824e+01
2.257312e-01
5.364483e-01
1.094538e+00
5.302696e+00
1.402694e+01
4.905696e-01
1.018815e-01
2.017756e-02
2.513074e+01
4.372979e-01
2.308264e+00
1.120801e-01
1.746488e-01
1.399322e+01
