7.759999e-02
1.038898e+00
8.279497e+01
1.362506e+00
1.064335e-01
3.540766e+00
1.077777e+01
1.078176e+00
1.476614e+00
2.855755e-01
1.024689e-02
4.015800e+01
2.775839e+00
6.068474e-02
1.032324e-01
3.349881e+01
6.549609e-01
6.756395e+00
8.385455e-02
4.003800e-01
3.347968e-01
4.953309e+00
3.454780e+01
6.756910e-02
1.587059e+00
4.222227e+00
4.440693e-01
1.081416e-01
7.780201e+01
3.464647e+01
9.171825e+01
2.710463e-02
7.786111e-03
2.202459e-02
6.397516e-01
1.495425e-03
4.247619e+00
4.120825e-02
3.078137e-03
1.212620e+00
1.432214e-02
3.426922e-03
2.003563e+01
2.378044e+01
1.430858e+01
2.266378e+00
3.575093e-01
2.081635e-04
5.668137e+01
2.274146e-03
1.364862e-02
3.594962e-02
5.449247e-03
3.590039e+01
1.656671e+00
4.006568e+01
1.152504e-02
4.255046e-03
9.338845e-03
1.274324e-01
1.108332e-02
4.752399e-01
1.280330e-03
2.797409e-02
2.185788e-02
4.921514e-02
1.645058e+00
3.485884e+01
5.498310e-03
2.082515e-04
4.963428e-02
2.998781e+00
2.934300e+01
9.540389e+00
6.309377e+02
5.372661e+03
3.368659e+02
1.137938e+01
4.469891e+03
7.927320e+02
3.814115e-04
2.154700e-03
4.923774e-03
1.059391e-04
2.663560e+04
8.331001e-03
2.918667e-02
4.646851e+03
4.850747e+03
9.486637e-04
9.193116e+00
3.830165e+04
4.365726e+01
5.199465e+04
5.855785e+00
1.653762e+04
1.370207e+02
6.894519e+02
4.370168e+00
3.892584e+02
1.170013e+01
2.581049e-02
2.857435e+03
8.309683e+00
1.581578e+03
8.135473e+04
3.019983e+03
3.130559e+03
6.891204e+02
1.889475e+02
7.306739e+00
4.061635e+04
2.391704e-03
4.019840e+03
4.514369e-04
2.717472e+00
2.377467e+04
1.377048e-01
8.331269e-02
2.531443e+04
3.103981e+01
6.508622e-02
1.072970e+04
2.918271e-03
4.158978e+03
3.209067e-02
2.847385e+01
1.041544e+04
6.171046e+01
2.340054e+00
5.072558e+03
2.934001e-01
1.465041e+00
1.567172e+01
6.488578e+00
1.231687e+02
2.726329e+00
2.916277e-03
2.328444e+02
1.573063e+02
3.106648e+02
1.006443e-01
1.092200e-04
1.243154e+02
2.413177e+03
2.399394e-01
2.150162e-02
2.972406e-04
3.459467e+04
4.201262e+02
1.130667e-01
1.182846e-01
2.599507e+01
1.668684e-03
1.682717e+02
1.372729e-03
7.213183e-01
1.088289e+03
3.480264e+03
4.198575e-04
1.811143e+04
2.044458e+02
6.103082e+04
2.848568e+01
1.896582e-04
1.154921e+00
8.115751e-04
9.222524e+03
4.196204e+04
4.046641e+03
4.679499e-03
4.945252e-03
2.827181e-01
3.283044e+03
9.269262e-01
5.312416e+02
1.058793e+00
1.441772e+01
3.264343e-02
1.030598e+02
7.442796e-01
3.916655e-01
1.247824e-01
4.990726e+00
1.458871e+00
1.890698e-01
5.730846e+00
4.101281e-02
8.081881e-02
3.227411e+01
8.956741e+01
5.424053e-02
2.646043e+01
7.436923e-02
5.810853e+01
1.040079e+00
1.005835e+01
9.390006e+00
6.408452e+01
9.183124e-02
1.271949e+01
1.057566e-01
4.116299e+00
2.691632e+01
1.026033e+00
1.321390e-02
2.712453e-01
5.123837e+01
3.835034e-01
9.120998e+00
2.536383e+00
9.542173e-02
5.507138e-02
3.066058e+01
5.623163e-01
1.785649e-02
3.218526e-01
1.466905e-02
2.027172e-01
3.568713e-02
4.666584e+01
