3.092659e+00
6.185505e-01
3.396574e-02
9.593086e+01
9.089939e-01
3.363234e+01
1.472958e-01
4.247253e-01
3.069190e-01
3.497474e+00
2.008673e+01
4.651461e+01
2.136242e+00
2.740787e-02
4.897645e+00
4.474819e-01
1.766295e-01
3.806426e+01
1.571482e+00
1.979653e+01
3.352154e+00
8.298612e+00
8.653781e-01
1.497082e+01
1.598898e+00
3.552185e-01
1.294609e-01
4.674698e-01
8.753637e+00
1.299310e+01
5.923994e-01
3.683630e+00
6.938501e-02
4.059390e-04
3.918407e-02
3.594731e-02
7.322145e+01
8.987088e-04
5.640174e-01
2.485212e+01
1.161447e-02
6.915359e-02
7.258963e+01
2.092243e-02
1.924941e-02
1.163159e+00
2.220349e+00
8.451136e-02
9.781424e+00
4.703838e-03
4.867213e-03
2.267469e+00
8.191413e-04
3.772917e+00
7.380785e-02
1.855431e-03
1.058911e-03
4.258006e-02
4.916993e-04
2.013995e-04
4.355837e-03
1.827381e-02
8.789349e-04
3.226657e-04
6.060249e-01
2.959532e-03
3.855884e-01
1.454647e-01
3.987177e-02
1.788257e-01
4.232965e+00
1.407847e-03
2.879813e-01
4.660815e-01
7.877780e-04
1.106424e+00
4.184098e-02
1.304969e+02
1.172701e+02
2.356230e+03
4.349024e+01
1.023864e+01
2.484079e+03
1.256375e+03
1.807740e+00
7.397697e-01
1.434313e+01
3.378072e+01
1.069787e+03
1.224879e-03
2.244051e+01
3.407078e-02
1.401992e+00
3.516241e-02
2.566337e+02
1.311705e+01
6.159139e+01
1.555526e+04
5.077145e+01
2.796836e+00
3.300301e+02
3.160170e+01
4.854691e+02
2.807095e+01
8.317333e+02
1.148276e+03
7.735296e+00
8.872448e+04
1.711573e+03
5.633291e-02
1.182698e+02
3.129281e+01
4.056564e+01
2.489462e+03
1.003851e+03
4.174512e+02
8.432205e+00
5.222203e-03
2.017136e+00
3.442682e-03
1.355000e+03
3.092836e-03
5.485020e+04
5.996695e-01
7.563431e+03
1.565429e-03
1.870817e-03
6.400200e+04
2.868078e+01
5.984201e+02
2.826501e+01
2.730007e-01
2.141737e+02
6.480803e-04
4.131161e+01
4.051293e+03
1.402053e+02
5.901966e+01
4.194175e+02
1.813025e+03
1.680487e+01
4.482961e-03
3.869102e-03
2.759629e+02
1.497581e+02
2.856118e+02
5.807195e+00
4.006044e-02
2.019285e+02
8.269622e+01
5.450133e-01
4.734942e-04
1.747570e-01
1.534108e-02
1.685172e-03
6.910779e+01
4.653404e-03
7.275762e+02
2.985978e+03
6.807710e-04
4.677364e-04
7.460260e-01
2.605698e-01
9.232930e+00
2.865179e-03
7.830041e+01
3.688455e-01
5.542926e+01
3.586807e-03
1.735646e+01
2.596100e-01
2.600097e+01
1.181941e+00
1.306366e+01
7.588998e+03
1.757121e+00
5.389786e-02
3.798132e+01
3.335947e+01
4.221039e+00
3.806659e-03
3.891128e-02
4.120466e+00
1.151998e-01
2.344206e-01
5.916026e+00
4.322634e-01
2.160661e+01
9.023730e+00
1.021054e-01
4.518990e-01
6.768736e-01
6.278891e+01
2.562785e+00
6.368004e+01
1.128026e+01
3.204719e-02
2.532516e-02
1.332978e+00
7.669964e-01
2.631766e+00
1.240492e-01
2.348553e+00
3.848452e+00
1.907266e-02
1.622084e+00
6.520891e-02
1.756747e-01
1.312316e-01
1.600732e+00
1.418314e-02
4.329656e+01
1.101334e+01
2.632106e+01
7.726367e-02
1.315796e+00
9.824219e+01
5.152274e+00
4.174822e+01
6.836152e-02
2.562237e+02
