3.996942e+00
1.237930e+01
9.355685e+00
3.382574e-02
3.628315e-01
9.755761e-01
1.773674e-01
2.991111e+00
2.793129e+00
1.392696e-01
5.210861e-01
3.871486e-02
6.634285e-02
3.701886e+00
4.398095e-01
6.620130e+00
3.526223e-01
1.180133e+00
7.540898e-01
3.260235e-01
1.152816e+00
9.507518e-02
4.468119e-01
1.652137e+00
1.806238e+00
2.115683e+00
7.441608e-01
2.520639e-01
1.907327e-01
1.262901e-01
4.111225e-01
3.644329e+00
2.084299e-03
1.034658e-02
2.788559e-03
1.838021e-03
6.902991e-02
2.009400e+00
7.873828e+00
3.209456e-03
4.327226e-02
9.083409e+01
6.242505e-01
3.955512e+01
2.732534e+01
4.797885e+01
1.749664e-03
3.348513e-02
9.739495e+00
9.203187e-03
8.630379e-04
6.996384e-02
4.585024e-02
4.959625e+00
4.533898e-03
1.018638e-02
2.442705e-01
2.038919e-02
1.274968e-01
5.310006e+00
1.367318e-01
2.074973e-01
5.960138e-01
2.899566e-03
1.088426e-01
8.497811e-03
5.477023e-03
3.532913e-01
4.253433e-03
1.486920e+00
7.780882e-02
2.510120e-02
7.553249e-03
9.100843e-02
1.699985e+02
1.038014e+03
4.852952e+00
4.916030e+01
6.615440e+01
1.185932e+00
6.590522e-03
6.366631e-03
1.952453e+03
3.440987e+01
2.296997e+01
5.200619e+00
6.568326e-03
5.397919e-01
4.612036e+01
2.878521e+01
3.285578e+02
1.890747e+04
3.159114e+02
2.165170e+04
3.680594e+02
5.793618e+02
8.095207e+01
2.446934e-01
6.246766e+02
5.473921e-02
7.362013e+01
1.054081e+03
1.090985e+03
1.572076e+01
5.465632e+02
1.054173e-01
5.993356e+00
1.535786e-01
1.682009e+02
2.310728e+02
6.632814e+01
2.936658e+01
9.480536e+04
1.023619e+02
4.633869e+02
2.755137e+02
1.667294e+02
2.997216e-04
1.295874e+01
2.789754e+02
1.885814e+02
2.155523e+02
1.257258e+02
1.371091e+02
3.425800e-02
3.652217e+00
7.527712e+00
1.462510e+02
9.545103e+02
7.065999e+02
2.554570e+02
3.384393e+01
4.941046e+01
2.343459e+00
3.641466e+02
1.146835e+02
1.571642e+02
1.880258e+02
3.788769e+01
6.709236e+02
1.675108e+03
9.411890e-01
6.301534e-02
6.785633e+02
3.976563e+00
3.121578e+02
1.925092e+01
5.808097e-01
1.094709e+02
1.912775e+03
8.810413e-04
4.172349e-02
2.208374e-01
4.338893e+03
1.459526e+01
4.133681e+01
4.591275e-02
3.965972e-03
1.712731e+03
1.550030e+00
2.841628e-03
3.198205e+01
3.008196e+02
1.002021e+00
3.230314e+00
1.221428e+03
6.930935e+01
4.912460e+00
7.860603e+02
5.889670e-01
4.766548e-02
2.390235e+02
6.093393e+00
1.958585e+01
2.389736e+01
1.131281e+00
2.529612e+02
9.334561e+03
4.856899e-02
1.248125e+02
4.350348e-02
3.192389e-03
5.245215e-01
1.278624e-01
2.687836e+00
4.648092e-02
2.597681e+00
9.646245e-02
1.382677e-02
3.702088e-02
9.014797e+00
1.538201e+01
1.044277e+00
2.957669e+00
1.881950e+01
4.859130e+00
1.846289e-01
1.080080e-01
4.703765e+01
1.166277e+01
1.534733e+01
2.120678e-01
3.737172e-01
1.777082e+01
6.605118e-01
2.782696e+00
3.998826e+01
2.157049e-01
5.170124e-01
1.115074e+00
5.159408e+00
1.375357e+01
5.023033e-01
9.951969e-02
1.981635e-02
2.530748e+01
4.393864e-01
2.388076e+00
1.088628e-01
1.708197e-01
1.208766e+01
