2.025441e+00
3.802431e+01
2.488596e+01
3.050577e-01
2.476647e-01
1.065873e-02
5.223658e+01
1.435279e+01
2.963879e-01
3.301070e-02
1.504162e-02
1.075398e+00
5.535824e-02
1.730576e-02
1.229456e+01
2.545929e-01
5.684089e+01
4.653618e+01
1.029298e+01
5.027130e+01
5.529718e-01
2.494111e-02
5.266203e+01
2.147516e-01
3.894423e+01
8.657407e-01
2.711784e-02
8.355852e+00
1.290895e-01
1.514154e-01
2.705701e-01
2.926051e-04
3.362862e-03
5.082199e-04
3.640140e-01
2.159515e-03
3.044931e+00
1.609514e-02
3.356001e+01
2.446629e-01
1.816646e+00
4.008203e-01
1.030381e-01
1.259851e-02
4.097078e-04
1.360429e+01
1.268703e-01
3.069510e-01
3.069864e-04
2.307475e-03
1.296901e-04
8.464221e-02
3.588678e-04
5.105924e-03
3.507341e-02
1.497596e+00
6.525181e-03
1.542480e+01
5.360732e-01
2.766195e-01
1.105504e+01
5.135023e-02
1.771795e+00
6.705245e-03
1.230102e+01
6.739897e+01
9.839637e-04
6.184642e-01
8.787378e-03
4.568538e-01
9.530281e-04
3.964562e-04
1.083650e+00
2.313900e+00
5.247349e+02
2.762899e+03
1.544392e-04
1.374790e+03
1.172714e+04
6.939224e+01
2.458001e+04
2.102465e-02
1.941173e-01
2.658068e-03
1.144875e+04
1.065992e+02
4.655145e+00
4.634263e-01
1.016592e+02
1.825591e+03
2.106956e+00
3.403272e+04
1.790260e+00
3.957969e+00
3.913332e+00
4.511611e+01
4.420082e+02
7.622223e-02
3.581130e+03
3.067997e+01
6.069025e+03
3.539532e-02
3.765467e+01
6.868368e+02
4.039702e+00
2.436816e-01
1.754759e+03
1.422142e-04
4.085602e+01
7.961978e+00
4.846960e+03
3.996907e+04
1.437686e+00
4.080561e+01
2.007153e-04
4.702025e+04
1.012166e-03
4.576788e+01
1.102955e+04
7.620821e+02
2.956338e+02
1.369508e+03
4.671510e+03
2.807633e+04
5.706343e-01
7.718424e+01
1.098921e+01
6.343336e+04
4.593132e+02
3.717240e+01
3.879884e+01
1.260983e-03
1.521361e+01
2.266853e+02
5.200628e+00
1.111640e+02
1.176944e+00
2.583327e+00
8.719922e+01
8.823495e-04
7.332088e+01
1.976927e-04
7.069742e-02
1.724732e-04
9.552899e+00
1.489063e+02
6.210637e+00
1.032683e-04
1.964093e-03
3.253143e+03
1.206747e-01
1.138095e-04
1.800466e-01
1.648579e+00
7.218528e-01
6.719772e-04
4.098246e-01
9.891516e-03
5.130234e+02
9.696016e-02
5.025903e+00
1.717709e-01
2.104233e+01
3.163594e+00
2.107997e+04
4.255250e+00
7.896213e+03
2.738759e+03
4.022918e-04
6.048615e+03
3.792326e-01
1.172555e+00
3.453637e-03
2.486622e+00
7.995969e+03
3.868523e+01
1.587850e+02
1.011401e+01
5.962562e-02
3.128040e+00
1.714810e-03
1.249468e-02
7.227742e-01
9.193512e-02
3.969473e-02
1.727198e-01
2.286394e+01
3.761663e-02
2.659708e-02
2.462197e-01
4.220797e+00
1.933290e-01
4.091440e+00
3.556520e+00
1.856273e-02
8.623040e-02
1.096905e+00
3.487395e+00
2.843184e+01
1.264604e+01
1.354828e-01
4.677364e+01
1.164173e-02
5.212782e-01
3.442832e-02
8.840494e+01
4.075670e-01
4.565589e+00
4.028560e+01
4.752528e-02
1.039839e+00
2.200507e-02
1.028270e+01
8.336919e+01
4.043405e+00
2.086502e+01
5.208480e+00
1.001263e+01
1.335783e-02
9.874793e-02
1.009753e+01
