3.101996e-01
2.536950e+01
1.407075e-01
1.747924e+00
3.163180e-01
2.091848e+00
7.225877e-02
5.544663e-01
9.964654e-01
1.305285e+00
1.950409e-01
1.337326e+00
2.106475e+00
2.040791e+01
7.164955e+00
9.449654e-02
1.358658e-01
8.645348e-02
2.939637e-01
1.212051e+01
3.214685e+00
1.209249e-01
5.569801e+01
1.549768e+00
1.207431e-01
4.394350e-01
4.416816e-01
8.504975e+00
6.059716e+00
8.010085e-02
1.301902e-02
8.046230e-02
1.237194e+00
5.743756e-03
2.720594e-04
2.486226e-02
7.205007e+01
6.382541e-03
1.561353e-02
2.665755e+00
8.308523e-01
6.103422e-02
2.940310e-01
1.612627e-03
1.412154e+00
3.042133e-03
3.265307e-02
1.603175e+01
1.416254e+00
2.450850e+00
1.052648e+01
2.754624e-02
2.655444e+00
1.233455e-02
5.076305e+00
5.482126e+00
3.053611e-01
5.765253e+00
4.066479e-02
9.859267e+00
4.444357e-01
5.337158e-04
4.331334e+00
2.005006e-04
4.544879e-02
3.421937e-02
1.839905e-02
3.188938e-03
5.018354e-02
1.196410e-02
9.131932e-03
6.045494e-04
1.837027e-01
1.595394e-02
2.808190e+01
4.636629e-03
4.235224e+00
3.288596e+02
1.972882e+02
3.080231e+03
3.767728e+03
1.565784e+01
1.712474e+01
3.870539e-01
1.279400e+03
3.636757e+02
3.423337e+02
1.629163e+00
2.390509e+00
1.846407e+03
7.277808e+02
6.403992e+04
2.561505e+00
1.383773e+02
1.363184e+01
7.008054e+00
3.981675e+03
4.288662e+03
2.016396e+01
1.765842e+03
2.167006e+02
5.231765e+01
1.412012e+02
1.316886e+02
2.152294e+01
6.995452e-01
1.668394e+03
7.636223e+03
5.015069e+02
2.338180e+03
7.264222e+01
5.877621e+01
5.315129e-04
4.715734e+00
4.694905e+02
4.037811e-01
1.681752e-01
1.100486e+00
1.312603e+00
2.961025e-03
2.375029e+02
1.206521e+00
8.940455e-04
4.232356e-04
2.637213e+02
6.408381e+00
4.194352e+02
5.949036e+01
1.504618e+03
6.457029e+02
2.282954e+01
1.626566e+00
1.012705e+00
1.636197e+04
1.370856e+01
2.042183e+00
5.620580e+02
2.110931e-03
1.752702e+03
7.546421e-02
3.007765e+01
8.812714e-03
1.223857e-01
2.338185e-02
2.963249e+00
2.080435e-03
4.647901e+00
9.550126e-02
2.819359e+01
2.199186e+01
4.324877e-01
1.599277e-02
2.121140e+01
5.875576e+03
7.140753e+03
2.263330e+03
3.498884e-01
6.695850e+02
3.552292e-02
1.011981e+00
3.710542e+02
9.104170e-01
4.017019e+03
9.751008e+00
1.570954e+03
2.670286e+01
1.621365e+01
1.014121e+01
4.145660e+01
3.582178e+02
5.145256e-04
7.542881e+00
9.727347e+01
1.755496e+01
3.823425e-02
4.697153e+02
1.734213e-01
9.424037e+01
5.102941e+02
5.905784e+02
1.793313e-02
2.560264e-01
6.133029e+00
1.094034e+00
1.724758e-01
2.243679e-02
3.755712e+01
2.824039e+00
9.380360e+00
3.329730e+00
1.645800e-01
9.112548e-02
1.294116e+00
1.811599e+00
5.697477e+00
3.511570e+00
1.654360e+01
4.803953e+01
1.077172e+00
2.095813e+00
3.347676e-01
7.905277e+00
1.580586e+00
3.478617e-01
1.021701e+01
6.382773e-01
9.644261e+00
6.364998e-01
4.388275e-01
4.069588e-01
1.662698e-01
4.865168e+00
2.096695e-01
4.420069e-02
1.402426e+01
7.092684e+00
1.300396e+00
3.443097e-01
1.032754e+00
9.037862e+00
1.294863e+01
