7.960132e+00
1.332708e+00
9.133594e+00
5.181139e-01
3.208381e-01
4.086129e-01
6.445588e+00
1.444602e+00
3.779897e-01
3.053005e-01
1.108252e+00
5.296068e+00
2.774415e-02
4.260015e-01
7.909547e-01
1.365714e-01
2.254275e+00
2.362042e+00
5.634000e-01
3.967880e-01
4.579893e+00
2.109344e-01
3.746375e+01
6.955528e-01
1.125805e-01
1.022436e+00
8.627136e-02
3.999865e-01
3.394174e-02
2.556189e+01
7.706953e-01
1.075160e+01
1.847221e-03
4.273427e-03
2.614830e-03
1.950408e-02
9.312887e+01
2.167413e+00
2.915255e-03
4.416986e-01
1.134983e-01
6.149092e-03
7.870243e+01
4.163677e-01
3.264996e-04
1.769669e-03
1.248874e-02
4.735243e+00
6.749065e+00
1.418544e-01
7.859598e-02
1.026997e+00
2.558336e-01
6.179235e-02
7.218306e-02
1.988343e-03
8.434929e+00
1.364346e-01
4.293139e+00
1.712232e+00
2.695910e-03
1.313881e+00
1.146079e-01
7.378056e-03
6.038837e+00
2.765936e+00
2.314188e-01
2.036124e-02
2.892707e+00
1.730957e-03
4.606080e-02
5.429806e-01
1.141668e-01
1.427687e-03
1.243359e+02
8.384827e-01
2.843116e-04
6.036760e-02
1.210444e-02
3.038930e+02
2.242727e+00
1.325324e-02
2.877023e+02
7.923797e+00
1.204577e+01
7.641167e+01
2.209864e+02
2.595268e+00
3.839546e+02
2.174323e+02
1.692197e+03
1.778704e+01
7.723834e+01
1.954142e-01
5.613244e+00
8.033037e-04
9.967319e+03
9.381209e+02
2.179121e+01
8.914239e-04
2.178428e+00
9.670567e-02
5.692587e+00
7.739850e-02
1.339380e+01
3.415964e-03
2.326370e+01
3.534742e-01
1.316115e+02
8.318975e+03
1.124242e+02
1.226684e+02
3.189315e+00
7.359942e-03
6.069853e+01
3.126811e-02
5.893255e-02
2.537226e-02
8.253056e-04
6.735754e+00
2.356322e+00
6.377656e-01
3.241820e+00
6.247320e-03
3.608482e+00
3.084444e-04
6.202758e+00
7.024836e+01
8.957898e+01
2.325200e+01
6.887644e+00
2.628243e+02
1.046952e+00
1.039477e-02
2.815416e+02
9.274310e-03
1.854482e+02
2.651386e-01
2.609486e+01
1.846034e+01
2.125137e+03
1.602715e-03
2.270932e-01
9.665749e+02
5.924024e+02
1.046310e+04
3.655219e+01
5.316200e-03
2.405618e+01
3.793694e+01
9.464960e-01
1.569703e-02
1.483440e-02
4.890466e+04
1.354104e+03
1.392313e+02
9.345194e-01
3.029190e+01
7.259079e-04
1.358500e+01
4.866218e-04
2.424802e-01
1.897543e+03
1.712775e+01
3.874040e+00
1.906330e+03
4.851044e+03
4.829024e+00
6.274174e-03
1.557488e+00
7.604301e-02
1.861788e-01
3.686967e+02
2.619139e+00
4.305515e-02
1.474425e+01
9.906618e+04
1.425031e+02
1.440355e-01
5.419193e+02
8.312569e-03
3.276355e-01
2.155834e+00
3.026115e-02
3.420321e-02
7.266404e-01
6.173271e-01
6.611398e-01
3.324836e+00
1.249760e+00
2.857936e+01
1.640464e+00
2.675249e+00
2.961427e+00
1.413955e-01
4.791057e-02
1.803984e+00
3.541539e-02
1.882465e-01
1.336008e+01
6.340503e+00
4.711274e+01
2.309810e+01
8.138874e-01
8.720407e+00
8.426787e+00
7.633997e+00
1.519575e+00
1.684496e-01
3.392214e+00
2.490650e-01
8.621192e-01
6.751263e+00
4.599885e+00
2.293631e+00
3.554092e+01
3.036023e+00
6.706048e-01
1.277071e+00
1.512653e+01
3.640755e+00
