1.579488e+00
1.327363e+00
7.958059e+00
7.497900e-01
3.094539e-01
3.995675e-01
4.256959e+00
1.448873e+00
3.404950e-01
2.994677e-01
1.011534e+00
5.209871e+00
2.560513e-02
4.142718e-01
4.781188e-01
1.063921e-01
2.135207e+00
2.539943e+00
4.341771e-01
9.728740e-01
6.039460e-01
2.084385e-01
3.178888e+01
7.167055e-01
1.090571e-01
1.076646e+00
1.081628e-01
4.067155e-01
4.389270e-02
1.371771e+01
6.133398e-01
2.887134e+01
1.757559e-03
3.996963e-03
3.162037e-03
9.813897e-03
1.577757e+00
1.739039e+00
4.855291e-02
5.697744e-01
1.191709e-01
6.335957e-03
6.504332e+01
2.632825e-01
2.177429e-03
1.438739e-03
1.414904e-02
5.725436e+00
5.549096e+00
1.413582e-01
1.107067e-01
7.580421e-01
2.601649e-01
6.017305e-02
8.282680e-02
2.477240e-03
7.356989e+00
1.917130e-01
4.110282e+00
1.793326e+00
2.641468e-03
1.219523e+00
1.058911e-01
6.333559e-03
5.461632e+00
2.499238e+00
2.322700e-01
1.461710e-04
2.378107e+00
1.143068e-03
4.203597e-02
6.211731e-01
1.078274e-01
6.540173e-03
2.052452e+02
8.255235e-01
9.664630e-04
4.885324e+04
7.978207e-03
2.557808e+02
2.272048e+00
1.380811e-02
2.930934e+02
7.984901e+00
1.549684e+01
6.948102e+01
1.894673e+02
3.251636e+00
6.125163e+01
1.733961e+02
1.664565e+03
1.725256e+00
4.911375e+02
1.965732e-01
6.051888e+00
2.139184e-03
4.435423e+03
1.078734e+03
2.310356e+01
1.505085e-03
2.278999e+00
8.231061e-02
6.157761e+00
7.955182e-02
6.830517e+01
1.341717e-02
2.044431e+01
4.820549e-01
1.115158e+02
6.484032e+03
1.090852e+02
1.328220e+02
3.389755e+00
6.753337e-03
7.231951e+01
3.064855e-02
1.795267e-01
2.723902e-02
7.949057e-04
9.020965e+00
9.604070e-01
6.080597e-01
3.128385e-01
4.587304e-03
3.730697e+00
2.336602e-04
6.486905e+00
5.849533e+01
8.897649e+01
1.842039e+01
8.014818e+00
4.511876e+02
7.105034e+01
1.097429e-02
2.856358e+02
1.576315e-02
1.599622e+02
2.295893e-01
2.504606e+01
2.060590e+01
2.005382e+03
9.470515e-04
2.333803e-01
5.791792e+02
4.904838e+02
1.163233e+04
4.555501e+01
4.001420e-03
2.298151e+01
3.730982e+01
3.620992e-01
1.603228e-02
9.402763e-03
5.063902e+04
1.166411e+02
1.428654e+02
1.073212e+00
4.103183e+01
7.427988e-04
1.167679e+01
2.233277e-04
2.465700e-01
7.970703e+01
3.104120e+01
4.230971e+00
1.923563e+03
4.509143e+03
3.958637e+00
5.069131e-03
1.396146e+01
4.302665e-02
1.870695e-01
9.320974e+01
2.144644e+00
4.732782e-02
2.324721e+01
1.591108e+03
1.692772e+02
3.136181e-01
6.278550e+02
8.704256e-03
1.718704e-01
1.439923e+00
1.960562e-02
2.833581e-02
1.954206e-02
5.980914e-01
4.333751e-01
2.388157e+00
1.208382e+00
1.684621e+01
1.577735e+00
3.065811e+00
2.912780e+00
1.970561e-01
1.616231e+00
3.331125e+00
1.753067e-02
3.314662e-01
1.234346e+01
5.778228e+00
3.991759e+01
1.996095e+01
8.027106e-01
6.830586e+00
4.679124e+01
8.952499e+00
1.397158e+00
1.385340e-01
3.498523e+00
2.470405e-01
7.964615e-01
6.825759e+00
4.153507e+00
2.320833e+00
2.706326e+01
2.844971e+00
6.631009e-01
1.355771e+00
1.413346e+01
3.658199e+00
