3.106071e-01
2.433815e+01
1.520931e-01
1.789520e+00
3.061693e-01
2.015583e+00
7.168454e-02
5.519025e-01
1.018232e+00
1.294493e+00
1.897206e-01
1.318885e+00
2.105886e+00
2.052205e+01
7.131534e+00
1.617309e-02
1.324994e-01
8.706707e-02
2.966900e-01
1.209503e+01
3.223969e+00
1.225722e-01
5.315866e+01
1.574189e+00
1.267862e-01
4.379422e-01
4.335249e-01
8.477622e+00
6.171424e+00
8.068484e-02
1.363622e-02
2.774869e-02
1.197486e+00
5.698994e-03
1.740946e-04
2.733946e-02
6.233504e+01
7.214898e-03
1.564702e-02
2.658225e+00
8.328971e-01
6.122139e-02
2.832058e-01
1.618483e-03
1.568300e+00
3.036046e-03
3.207604e-02
1.613514e+01
1.412567e+00
2.375494e+00
1.051512e+01
2.789864e-02
2.360345e+00
1.276050e-02
4.882769e+00
5.523325e+00
3.183025e-01
5.767698e+00
4.366352e-02
9.961460e+00
4.334598e-01
5.218609e-04
4.436260e+00
2.429561e-04
4.632911e-02
3.418265e-02
1.815259e-02
3.262075e-03
3.942705e-02
1.200587e-02
8.326353e-03
6.046500e-04
1.829005e-01
1.603891e-02
2.649040e+01
4.524413e-03
5.708252e+00
3.189935e+02
2.055186e+02
3.231742e+03
3.744658e+03
1.567756e+01
1.638110e+01
3.871292e-01
1.193496e+03
3.549693e+02
3.344904e+02
1.670092e+00
2.404751e+00
1.909799e+03
7.253206e+02
5.996978e+04
2.551773e+00
1.016841e+02
1.376015e+01
6.985988e+00
3.390265e+03
4.380616e+03
2.029425e+01
2.023005e+03
2.294991e+02
3.871633e+01
1.456793e+02
1.424233e+02
2.028529e+01
7.069322e-01
1.760632e+03
7.908143e+03
5.037194e+02
2.347448e+03
7.356142e+01
6.401931e+01
4.046363e-04
4.890047e+00
4.584845e+02
4.112798e-01
1.651422e-01
9.901518e-01
1.217038e+00
2.939422e-03
2.442816e+02
1.192209e+00
1.030462e-03
3.922671e-04
2.676984e+02
6.492874e+00
4.299320e+02
5.961646e+01
1.570708e+03
3.676353e+02
2.344891e+01
8.364967e-01
1.001384e+00
1.601231e+04
1.387768e+01
2.061726e+00
5.548577e+02
2.409404e-03
1.709454e+03
5.733354e-02
3.058614e+01
8.974796e-03
1.196638e-01
2.320238e-02
3.020343e+00
2.011828e-03
4.656467e+00
9.467494e-02
2.931732e+01
2.204254e+01
3.975133e-01
1.598600e-02
2.049418e+01
6.134704e+03
6.878292e+03
2.091246e+03
3.438122e-01
6.728635e+02
3.522517e-02
1.086562e+00
3.829705e+02
9.449818e-01
5.162631e+03
9.443514e+00
1.454347e+03
2.624635e+01
1.603737e+01
1.034288e+01
3.993464e+01
3.062951e+02
5.307154e-04
7.628492e+00
1.024395e+02
1.750632e+01
3.746392e-02
4.637474e+02
1.642240e-01
9.365578e+01
5.273744e+02
5.861468e+02
1.819091e-02
5.721691e-01
5.483691e+00
1.132706e+00
1.733824e-01
1.957434e-02
3.751155e+01
2.881348e+00
9.403821e+00
3.337227e+00
1.586465e-01
9.023927e-02
1.301613e+00
1.878686e+00
5.785043e+00
3.502804e+00
1.749378e+01
5.204170e+01
8.770485e-01
2.087978e+00
3.334451e-01
7.928834e+00
1.575061e+00
3.736944e-01
1.023119e+01
6.513651e-01
9.582696e+00
6.365957e-01
4.382221e-01
4.057441e-01
1.603725e-01
4.691448e+00
2.108463e-01
4.426389e-02
1.493260e+01
6.964934e+00
1.293220e+00
3.260273e-01
1.013948e+00
1.221161e+01
1.314435e+01
