1.722619e+01
2.489787e+00
1.852238e-01
6.855232e-02
1.879566e+00
1.321703e+00
2.871307e+01
3.876427e+00
1.232072e-01
2.499447e+00
8.490923e-01
2.932579e+00
3.194200e+00
2.624079e-01
1.484421e+00
9.982710e+00
1.233575e+01
4.809277e+00
1.769308e+00
8.791407e+00
5.419684e-01
4.101071e-01
1.297822e+00
7.547469e-01
9.894024e-01
6.093256e-01
4.113797e+00
1.367881e+01
3.902559e+00
2.556721e-01
1.777552e-01
9.530080e-01
2.846307e-01
5.876841e-01
3.565869e-01
2.398324e-02
6.053630e+00
2.210900e-02
6.218648e-03
3.974076e-01
1.535046e-02
1.392139e+00
5.537274e+01
2.935208e-01
2.111522e-02
8.347082e+00
2.801378e-03
3.432471e-02
1.656984e-03
3.145336e-02
2.475840e-02
3.747325e-03
7.495843e-01
2.459086e-03
9.196658e+01
1.139710e+00
2.003023e-02
4.728295e-01
3.161816e-03
1.041168e-01
8.976645e-02
2.054139e-01
8.451991e-02
2.960365e-01
4.000982e-01
7.577600e-01
1.677062e-02
5.712466e-02
1.428488e-03
2.807334e+00
1.070438e-02
5.438591e+00
4.388083e-01
2.186252e-02
1.753032e+01
5.484578e-02
1.045465e-01
3.498546e+00
1.497135e+02
4.236872e+01
4.505193e-01
3.379755e+02
9.472840e-01
2.534059e-01
9.433639e+00
1.309629e+01
7.153315e-01
7.346300e+00
6.722872e+01
5.378715e+01
9.011463e+01
1.335620e+03
1.072543e+02
1.175008e+01
5.081908e+01
6.302403e+02
2.715660e+00
4.335779e+00
1.026974e+01
8.406448e+03
1.694018e+03
2.607122e-02
4.693520e+02
5.340507e+02
2.709661e+01
7.001135e+01
6.960911e+02
1.673385e+00
2.336521e+02
2.826212e-02
3.882404e+00
2.152395e+01
4.658877e-01
4.855374e+02
9.542217e-01
2.438605e-02
1.250965e-04
3.681133e+01
1.590199e-03
1.778400e+02
6.210024e-01
2.019830e+02
2.461237e+00
2.099759e-02
6.146850e+00
1.349599e-02
1.782563e-01
1.015794e+01
3.992716e+01
1.234795e+03
9.315378e+00
3.629902e+01
9.996615e+01
2.107303e+02
1.094951e+02
2.559287e-01
4.936910e+00
4.870753e+02
6.182571e+01
9.993683e-03
2.560017e+01
2.361138e-03
3.385911e-02
3.302221e+02
6.047314e+02
1.720323e-03
3.828306e+00
4.184739e-04
2.909106e+00
1.755165e+01
3.482879e-02
1.620309e-01
4.012676e+00
1.524361e+00
1.052954e+01
1.103107e-03
7.639081e-02
1.179486e+04
1.113646e+01
5.703846e-01
8.516941e-03
4.004138e-02
2.392810e+04
8.852794e+01
7.369919e+00
4.594083e+00
1.383453e+01
5.676567e+01
1.362299e-02
4.874394e+00
6.141088e-04
1.050508e+00
1.190042e+03
2.524237e+01
6.316915e-02
2.933091e+02
1.261097e+03
1.592972e+01
7.551030e+00
1.286167e+01
4.640252e-03
1.730577e-03
1.694412e-01
1.926552e+00
1.156950e+00
2.674491e-01
9.335348e+00
4.954439e-01
6.557243e+00
1.187394e-01
7.677011e+00
1.673453e+01
8.478186e-01
7.515725e+00
1.144784e+01
1.275127e+00
1.124020e-01
8.681342e-02
2.411375e+00
8.783308e-02
2.149697e+01
4.637696e+00
1.546300e+01
2.054757e+00
4.314122e+00
9.974955e-01
1.776539e-01
4.224253e+00
2.748907e+01
1.238956e-01
3.748885e-02
5.112962e-02
6.596455e-01
5.345728e-01
3.224079e+00
1.476153e-01
9.450503e-01
8.312975e-01
1.537131e-01
1.191096e-01
1.194452e+02
