4.172908e+00
7.094802e+00
2.824175e-01
2.264314e-01
2.271862e-02
1.846745e+01
1.496058e+00
8.751033e-01
3.112221e-02
1.051780e-02
1.539045e-01
1.782461e+00
4.689861e+01
2.182380e-01
3.810511e-01
9.946503e+00
3.312536e-02
7.202963e-01
6.826353e+00
9.934644e-02
3.035702e+01
3.296376e+00
1.410153e-01
1.061089e+01
1.241080e-01
4.365342e-01
2.227717e-02
3.365546e+00
1.606122e+01
2.420481e+00
2.630944e-01
1.341881e+00
1.439291e-04
4.059149e-02
5.051153e-04
5.645618e-03
4.440862e-04
5.332939e+00
1.013905e+01
8.559302e-01
2.278127e-02
1.499790e+00
8.274978e+00
8.261122e-03
1.418796e-03
3.668994e-03
1.320824e-01
4.644140e+00
1.177270e-02
2.568926e-01
7.785158e-04
2.590080e+01
3.259272e-01
1.578864e-01
1.194129e-03
4.898759e-04
4.652188e+01
3.409023e-04
1.049046e-04
4.981265e+01
8.429326e+01
8.935879e-01
7.985010e-03
2.816549e-03
2.694065e-04
5.777626e+00
2.520096e-04
1.128226e-04
9.337763e-02
1.155961e-04
2.399567e-04
1.582167e-04
1.213894e-02
2.405521e-04
7.792114e+03
4.012409e-02
3.550670e+04
1.856741e+00
1.180120e+04
7.663576e+04
3.988112e+01
9.213504e-01
6.958684e-03
8.846954e+02
5.958716e-04
1.556181e+00
1.598284e+01
4.449155e+02
3.805649e+01
1.128358e+04
8.159123e+03
6.412215e+01
7.955174e+02
1.294121e+02
2.824213e+00
2.300238e+00
2.953655e+01
6.997703e+04
1.459387e+03
2.343742e+01
4.884197e+00
1.386254e-04
5.942037e+03
6.022327e+04
3.594316e+03
7.479605e-01
7.031758e+03
4.549075e-02
1.973286e+00
8.213230e+00
3.345955e+03
1.622421e+04
5.018965e-01
1.828662e+00
1.081868e+00
5.981070e-01
6.571240e+02
9.504078e-03
8.617186e+00
9.001089e+03
4.478246e+04
5.829567e-01
4.623640e+03
5.281265e+04
3.925415e-03
1.408200e-02
2.608310e+01
2.143450e+01
1.777535e+00
1.586003e+01
1.573259e+02
1.997668e+01
1.142886e+03
1.150073e+04
3.907436e+02
9.235445e+01
1.079903e+00
2.196004e-02
4.382074e+03
1.222434e-02
7.596485e+03
1.419730e-01
5.912134e-02
9.305064e+02
1.473975e+00
1.399469e+01
3.533660e+03
3.848433e-02
1.059995e-01
6.490431e+03
1.693546e-01
1.314905e-01
9.378552e+01
9.659512e+02
9.637094e-02
4.412572e+03
2.076181e+01
6.681203e-02
4.033834e-04
2.128879e+03
1.827915e+03
2.413299e+04
1.692955e+00
3.259686e+02
8.687900e-01
1.036270e+00
1.525849e+01
1.254842e+03
3.885257e-01
1.258025e+03
2.761407e-01
6.394247e+01
3.293951e-03
3.799158e+02
2.870688e+03
1.157030e+03
2.285391e+03
1.178066e+00
6.162192e+04
2.128416e+00
1.835077e-03
3.121036e-01
1.128218e-02
5.515170e+01
4.827575e-02
6.754962e+00
1.587845e-01
2.757091e-02
4.925404e+01
6.073294e+01
5.108097e+01
6.877177e+01
2.783438e-01
8.403988e+00
9.001594e+01
1.524923e+00
1.725373e-02
1.118620e-01
5.522213e-01
1.493488e+00
2.999478e+00
3.580733e+00
7.817071e+00
5.909160e+01
6.285359e-01
1.464912e-01
9.828959e+01
5.335890e+01
8.439360e-02
1.615528e-02
1.247743e-02
8.626948e-01
1.409922e+01
1.011114e-01
2.865657e-01
4.346129e-01
8.438755e+00
4.386416e+01
6.585018e-02
3.639990e-01
6.434778e+00
