3.802332e+01
4.381468e-02
4.118043e+00
4.842013e+01
6.919365e-02
3.250125e+01
3.158836e-01
6.135722e-01
8.339763e-01
1.908952e+00
1.609907e+01
2.460978e+01
2.083944e+00
8.159796e-02
9.444733e-01
4.754106e+01
5.448916e+00
8.066945e-01
5.411822e-01
2.017914e-01
3.226693e-01
4.089346e-01
1.138014e+01
1.584530e+00
7.930196e-02
1.207107e+01
7.413179e+00
1.766606e-01
1.338901e+00
1.849989e-01
4.339078e-03
5.058148e-02
1.698930e+00
6.292831e-02
6.321624e-02
7.185671e+00
1.105631e-01
1.374742e+00
1.186539e+00
6.064787e-03
4.133200e-03
1.672892e-01
3.546694e+00
2.759998e+01
1.892216e+00
6.975671e-02
1.615624e-03
9.585060e-04
1.650412e-02
2.159682e-01
1.961067e-03
2.685706e+00
3.732039e-01
2.765426e+00
6.312059e-02
1.123805e+01
1.524232e-02
1.441247e-04
2.764770e+00
9.514874e-03
5.006216e-02
2.192422e-01
6.283511e-04
4.498165e-01
1.196250e-03
4.571607e-02
8.346499e-01
2.244710e-03
2.293407e+00
4.519344e-04
1.645042e+00
4.406305e-02
1.630300e-01
1.146400e-02
7.889533e-01
3.500333e-02
3.148614e+02
5.771019e-02
1.862725e+00
4.548914e-03
5.595425e+01
1.141448e-03
5.945135e+02
2.903099e-04
5.012722e-02
2.681945e-01
1.030399e+01
1.628828e-01
1.222844e+02
1.684667e+00
8.875034e+01
6.792906e+01
1.447936e+02
1.412684e+01
1.839996e+03
4.525910e+00
7.986637e+00
4.568703e+03
4.913338e+01
1.143110e+01
2.011763e+02
7.087116e-01
8.505328e+00
5.420209e-02
5.311069e+02
2.495588e-02
4.522530e+01
1.457146e+01
1.455160e+00
5.071327e-01
9.583812e+02
1.112683e+00
2.064827e+01
7.791824e+00
2.365410e-01
3.944253e+03
2.483359e+03
6.420054e-01
5.854853e+02
8.148246e-01
7.584438e-02
4.031527e+01
6.018382e+00
5.572163e+01
1.497937e-01
2.924001e+02
2.238377e+01
1.709992e+00
8.065809e+00
6.967051e-02
1.311600e+02
1.670115e+03
4.062576e+00
3.252155e-03
6.684430e+01
1.396645e+03
5.054325e+00
5.327829e-01
9.924405e+00
1.240707e+02
3.372086e+00
9.386606e-03
7.086583e-02
1.498142e+00
4.866031e+01
5.298981e+01
4.817084e+02
7.806758e-02
5.352602e-03
1.436232e+01
1.809746e-03
3.136802e-02
1.155868e-04
4.087886e+01
2.413570e-01
5.962238e-03
5.560860e-04
1.451763e+04
1.260905e+01
4.342753e-02
2.120578e+03
1.330889e-02
7.031599e+02
2.336099e+01
7.690308e+02
6.086965e+00
1.594119e+01
1.550515e+03
1.780543e+03
6.214230e+03
1.014252e-03
1.596572e+02
7.409334e+01
2.765770e+02
2.634209e+02
2.594123e+01
1.936702e+02
3.797603e+02
4.240117e+02
3.774735e+02
1.568963e-02
1.728827e-01
3.261061e+00
5.723569e-02
1.010696e-02
6.145489e-01
1.088619e+00
1.309852e+01
4.676834e-01
3.004206e+01
4.452910e-02
4.107139e+01
4.083004e-02
6.564757e-02
2.248504e+00
7.393896e-01
1.024160e+00
1.399535e+00
3.813291e-01
4.405819e-02
1.843383e+00
2.269586e-01
2.130579e+00
7.970901e-01
2.315268e+01
1.378091e-01
1.629051e+00
3.944111e+00
5.626166e-01
5.506976e-01
8.483493e-01
7.164411e-01
3.329441e+01
1.559408e+00
6.148194e-01
5.327566e-01
1.767436e-01
3.486865e-01
1.444653e+00
1.002010e-02
6.483762e+01
