3.751821e+01
6.250099e-02
8.859828e+00
2.839585e+01
6.707036e-02
1.810314e+01
3.617846e-01
6.518421e-01
8.098234e-01
2.059990e+00
1.116826e+01
2.726150e+01
9.339121e-01
1.071756e-01
1.247915e+00
6.042439e+00
6.248497e+00
8.893632e-01
5.429888e-01
2.323197e-01
1.864377e-01
2.692383e-01
8.562976e+00
1.555489e+00
8.551392e-02
1.198237e+01
5.066637e+00
1.906559e-01
1.338500e+00
3.184577e-01
4.488705e-03
4.377139e-02
3.307908e+00
5.463854e-02
6.381620e-02
7.236940e+00
6.646785e-02
1.245443e+00
1.228203e+00
6.219897e-03
2.554793e-03
1.735018e-01
3.600664e+00
9.231451e+00
1.573992e+00
6.986951e-02
1.646550e-03
5.401435e-04
1.375537e-02
2.173010e-01
1.962644e-03
3.821214e+00
2.364831e-01
3.296745e+00
6.480418e-02
1.147314e+01
3.031102e-02
4.320893e-04
2.670862e+00
9.562420e-03
3.067938e-02
2.162784e-01
2.265976e-03
4.298759e-01
1.192908e-03
4.835439e-02
7.186573e-01
2.706893e-03
2.199612e+00
4.416920e-04
2.053623e+00
4.522410e-02
1.632401e-01
2.059204e-02
7.116723e-01
4.275011e-02
1.531795e+02
3.736629e-01
1.615828e+00
8.591798e-03
5.698853e+01
1.167646e-03
6.207398e+02
2.119872e-04
2.474449e-01
1.928338e-01
6.770639e+00
2.128700e-01
1.274671e+02
3.595252e+00
1.509421e+02
6.458231e+01
2.204022e+02
8.367828e+00
2.608740e+00
1.818212e+00
7.121715e+00
4.536460e+03
6.205518e+01
1.338216e+01
1.577301e+02
7.354018e-01
1.576299e+01
7.993093e-02
2.248341e+03
2.442449e-02
9.056445e+02
1.653528e+01
2.390315e+00
3.857628e-01
9.804606e+02
1.115837e+00
2.219034e+01
1.034893e+01
2.500481e-01
1.697954e+03
2.249417e+03
6.522978e-01
4.708194e+02
6.638588e-01
7.713830e-02
5.326525e+01
5.125773e+00
4.349290e+01
1.750604e-01
2.818692e+02
5.635001e+00
1.696220e+00
6.529825e+00
1.095611e-01
1.406683e+02
8.759001e+02
4.054790e+00
4.745638e-03
6.609437e+01
1.147051e+03
4.885231e+00
6.398399e-01
8.202159e+00
1.206497e+02
3.422854e+00
9.305086e-03
4.176310e-02
1.469702e+00
4.515133e+01
5.096701e+01
1.059406e+02
2.014890e-02
5.672468e-03
2.339812e+01
1.886181e-03
3.042552e-02
1.195555e-04
2.605323e+01
2.164255e-01
4.198861e-03
8.370921e-04
1.672621e+04
1.626126e+01
3.809499e-02
2.543029e+03
1.356466e-02
2.111757e+02
2.759792e+01
5.906967e+02
6.024745e+00
1.836213e+01
3.334976e+02
1.534330e+01
6.098703e+03
1.329787e-03
1.683414e+02
2.352121e+00
2.820640e+02
4.749124e-01
1.916088e+03
4.751478e+01
3.873783e+02
4.163295e+02
3.459222e+02
1.424810e-02
1.690313e-01
3.011369e+00
5.529231e-02
1.002921e-02
6.233750e-01
1.080290e+00
4.658481e+01
3.977040e+00
2.896807e+01
1.994382e-02
2.887148e+01
3.896368e-02
8.941767e-02
2.554802e+00
8.500981e+00
9.162985e-01
1.425721e+00
3.828962e-01
4.837069e-02
1.694799e+00
1.609457e-01
2.182042e+00
9.659605e-01
2.038033e+01
1.276995e-01
1.598391e+00
3.957887e+00
5.815959e-01
5.347996e-01
8.463818e-01
7.072811e-01
3.091598e+01
1.362654e+00
6.448145e-01
5.317895e-01
1.797930e-01
3.641197e-01
1.406568e+00
4.750777e-01
4.255999e+01
