1.043858e+01
3.818364e+00
3.696468e-01
9.147483e-02
1.887355e+00
1.401397e+00
3.055286e+01
4.383246e+00
1.228065e-01
2.554125e+00
8.160453e-01
3.399833e+00
7.774636e+00
2.623424e-01
1.511750e+00
1.027224e+01
1.265965e+01
4.692873e+00
1.373481e+00
8.912847e+00
5.341909e-01
3.889353e-01
1.258857e+00
4.893309e-01
1.006055e+00
6.247006e-01
4.296076e+00
1.264202e+01
3.749849e+00
2.750195e-01
2.075453e-01
9.603962e-01
2.754440e-01
6.023024e-01
3.540760e-01
2.523816e-02
6.021093e+00
2.241379e-02
5.748728e-03
4.025139e-01
1.551582e-02
1.353391e+00
1.234174e+01
3.479244e-01
2.152616e-02
8.766999e+00
3.169953e-03
3.261439e-02
4.381999e-03
4.639331e-02
3.166165e-02
3.640225e-03
1.945204e+00
2.384921e-03
8.700312e+01
1.161616e+00
2.022679e-02
5.264927e-01
3.771016e-03
6.389565e-01
1.000470e-01
1.913159e-01
7.813122e-02
2.908458e-01
4.048675e-01
8.035641e-01
1.815183e-02
4.793025e-02
1.406980e-03
2.915529e+00
7.982125e-03
4.938905e+00
4.013266e-01
2.090280e-02
1.597837e+01
5.097010e-02
1.845566e-01
3.738446e+00
1.429201e+02
4.085079e+01
4.300425e-01
7.951174e+01
9.293487e-01
3.017464e-01
9.637296e+00
1.417345e+01
7.081342e-01
6.703876e+00
6.302396e+01
1.779681e+02
9.084416e+01
1.313515e+03
1.065408e+02
7.522322e+00
5.716014e+01
6.550141e+02
1.279562e+01
3.450448e+00
1.150539e+01
7.940534e+03
1.585373e+03
2.544973e-02
4.966466e+02
5.007681e+02
2.553454e+01
5.751887e+01
6.641837e+02
1.667118e+00
2.138598e+02
2.815653e-02
4.072435e+00
2.245993e+01
3.304928e-01
4.933277e+02
1.113746e+00
2.751306e-02
1.218723e-04
3.652542e+01
2.756247e-03
1.689196e+02
6.558134e-01
1.783065e+02
2.523751e+00
2.142721e-02
6.504201e+00
1.453573e-02
1.765229e-01
1.092344e+01
6.511661e+01
1.339576e+03
1.136849e+01
3.133105e+01
1.677171e+02
2.101268e+02
5.482031e+02
1.567056e-01
4.553205e+00
5.122775e+02
5.855119e+01
7.859748e-03
2.579303e+01
2.460671e-03
3.757291e-02
3.187836e+02
6.095212e+02
2.619847e-03
4.298486e+00
3.821279e-04
3.984097e+00
7.971027e+00
3.481301e-02
1.831788e-01
3.598901e+00
1.379871e+00
1.692027e+01
1.100370e-03
2.956752e-01
1.165034e+04
1.092490e+01
6.663894e-01
9.230270e-03
4.126929e-02
4.098495e+04
8.856191e+01
7.012270e+00
3.973544e+00
1.321974e+01
5.744095e+01
1.456577e-02
3.865165e+00
5.207958e-04
1.204830e+00
8.528405e+02
9.631300e+01
6.866166e-02
3.078785e+02
2.059227e+03
1.588950e+01
6.589718e+00
1.283361e+01
4.381275e-03
1.960392e-03
1.645592e-01
1.375295e+00
1.118668e+00
2.467567e-01
9.664509e+00
4.438958e-01
6.823058e+00
1.354273e-01
8.010129e+00
1.080455e+01
9.445715e-01
4.631144e+00
2.145400e+00
1.120739e+00
1.402524e-01
9.382801e-02
1.858679e+00
8.871887e-02
2.046877e+01
4.604637e+00
1.571502e+01
2.050495e+00
4.826397e+00
1.025714e+00
1.795068e-01
4.355691e+00
1.993626e+01
1.271392e-01
4.053968e-02
5.286790e-02
6.670428e-01
5.680728e-01
2.311847e+00
1.596456e-01
9.554357e-01
8.282791e-01
7.257852e-02
1.230940e-01
1.217223e+02
