3.798925e+01
1.125718e-01
8.936313e+00
2.263565e-01
6.397566e-02
2.842662e+01
3.597447e-01
1.100885e+00
6.709706e-01
2.365581e+00
1.682565e+01
1.459712e+01
8.863350e-01
1.041807e-01
1.135539e+00
5.655205e+00
1.946691e+01
8.388962e-01
4.547858e-01
2.625150e-01
2.895009e-01
2.591318e-01
9.648890e+00
1.459662e+00
8.996186e-02
1.922349e+01
5.728729e+00
2.098852e-01
1.282428e+00
3.027171e-01
4.117388e-03
5.134964e-02
3.205014e+00
6.299293e-02
6.077567e-02
6.802797e+00
1.638783e-01
8.846266e-01
1.133401e+00
6.276805e-03
2.069215e-03
3.033855e-01
2.109393e+00
8.809093e+00
1.891450e+00
5.797139e-02
1.808131e-03
3.371709e-04
1.346295e-02
2.345383e-01
2.074415e-03
2.327043e+00
2.676251e-01
3.378968e+00
6.284799e-02
1.325374e+01
2.843615e-02
2.062792e-04
3.292459e+00
9.716174e-03
2.761984e-02
2.793957e-01
2.342434e-03
1.331577e+00
1.287319e-03
5.575343e-02
6.408736e-01
4.694300e-03
2.059231e+00
4.923881e-04
2.175626e+00
4.701511e-02
1.725021e-01
2.391756e-02
4.969867e-01
3.300253e-02
1.639119e+02
2.060707e-01
1.348894e+00
1.162919e-02
5.878440e+01
2.397133e-04
5.147530e+02
6.674350e-04
9.113522e-02
5.803686e-02
8.937032e+00
2.438399e-01
1.107449e+02
2.914532e+00
1.658068e+02
8.046792e+01
1.936629e+02
8.513968e+00
1.003801e+00
3.817713e+00
1.127031e+01
5.099277e+03
5.355335e+01
1.034351e+01
2.205656e+02
7.657543e-01
1.490020e+01
1.020908e-01
2.716416e+03
2.236937e-02
8.513192e+02
1.140022e+02
1.742674e+00
3.276972e-01
1.003015e+03
1.188165e+00
2.421604e+01
1.007428e+01
2.528361e-01
1.842345e+03
9.448515e+02
6.566477e-01
5.674475e+02
5.777192e-01
7.060699e-02
5.639447e+01
1.782241e+01
5.537237e+01
2.318037e-01
2.898568e+02
6.437998e+00
1.537101e+00
7.060253e+00
1.255628e-01
1.417824e+02
7.023087e+02
5.649529e+00
3.979795e-03
5.601088e+01
9.663882e+02
5.274565e+00
5.939427e-01
5.567169e+00
1.338578e+02
4.329301e+00
9.235528e-03
5.134918e-02
1.504787e+00
3.917912e+01
5.647394e+01
1.110337e+02
1.971253e-02
6.703725e-03
2.468674e+01
1.772849e-02
2.558742e-02
1.074282e-04
2.658938e+01
1.811629e-01
3.310451e-03
4.948972e-04
1.530777e+04
1.467292e+00
5.773136e-02
2.085899e+03
1.132394e-02
1.942343e+02
1.027643e+01
1.105935e+02
6.032750e+00
1.446197e+01
4.885544e+02
1.179993e+01
1.356289e+03
1.378990e-03
1.507109e+02
3.797175e+00
2.660564e+02
1.524049e+01
6.171299e+02
2.120572e+01
4.494523e+02
3.828371e+02
4.739239e+02
1.603871e-02
5.203910e-04
4.374495e+00
5.734207e-02
1.000744e-02
6.154038e-01
2.138939e+00
2.667226e+01
3.594238e+00
3.310282e+01
1.725178e-02
3.288299e+01
3.874607e-02
6.871636e-02
3.144131e+00
8.244149e+00
1.096774e+00
1.432327e+00
3.859925e-01
5.162511e-02
1.687964e+00
1.394162e-01
1.566420e+00
9.286246e-01
2.017193e+01
1.347534e-01
1.590093e+00
4.201957e+00
5.894890e-01
5.217371e-01
8.132713e-01
5.820470e-01
2.816025e+01
1.281871e+00
5.782195e-01
4.906270e-01
1.644340e-01
3.405256e-01
2.307392e+00
4.506398e-01
6.847780e+01
