3.756201e+01
6.019110e-02
9.201849e+00
2.532172e+01
6.567487e-02
1.959025e+01
3.663959e-01
6.480324e-01
7.210663e-01
2.225800e+00
1.311306e+01
1.531456e+01
9.194804e-01
1.086665e-01
1.181303e+00
6.078683e+00
6.277839e+00
8.779392e-01
4.209730e-01
2.346921e-01
2.793492e-01
2.662253e-01
9.502471e+00
1.507030e+00
8.618259e-02
1.282640e+01
5.444793e+00
2.239877e-01
1.328344e+00
3.177926e-01
4.365665e-03
4.720215e-02
3.113705e+00
5.535976e-02
7.296066e-02
6.702211e+00
6.557127e-02
1.046673e+00
1.219106e+00
6.215735e-03
2.223766e-03
1.718668e-01
2.169133e+00
9.776535e+00
1.619590e+00
7.150667e-02
1.589741e-03
3.572457e-04
1.225708e-02
2.208651e-01
1.992965e-03
2.251764e+00
2.454739e-01
3.239324e+00
6.129275e-02
1.144708e+01
2.873565e-02
4.101505e-04
3.181470e+00
8.960185e-03
3.210143e-02
2.043803e-01
2.183043e-03
4.032166e-01
1.198201e-03
5.532246e-02
7.822491e-01
2.728195e-03
1.912462e+00
3.625262e-04
2.015131e+00
4.531128e-02
1.604308e-01
2.153952e-02
6.106713e-01
4.025872e-02
1.743196e+02
1.492115e-01
2.103672e+00
1.195535e-02
6.307444e+01
9.945112e-04
5.818274e+02
4.546070e-04
2.363257e-01
2.250945e-01
7.765980e+00
2.270071e-01
1.351621e+02
3.139534e+00
1.520742e+02
7.776869e+01
2.129076e+02
8.551369e+00
1.300114e+00
1.924969e+00
7.425072e+00
4.277119e+03
6.249206e+01
1.603551e+01
1.909860e+02
8.893153e-01
1.558513e+01
6.782553e-02
2.052702e+03
2.477747e-02
8.781813e+02
1.003421e+02
1.724977e+00
3.400302e-01
9.936050e+02
1.182070e+00
2.190651e+01
1.017628e+01
2.653134e-01
1.789735e+03
2.213765e+03
6.678380e-01
4.790662e+02
6.186814e-01
7.745659e-02
5.328137e+01
5.324873e+00
5.628630e+01
1.550228e-01
3.086591e+02
6.214764e+00
1.471281e+00
6.424581e+00
1.194817e-01
1.415684e+02
7.453194e+02
4.026188e+00
4.169902e-03
6.217984e+01
1.099940e+03
5.671223e+00
6.416192e-01
9.151267e+00
1.323309e+02
3.586542e+00
9.197756e-03
5.157965e-02
1.441953e+00
4.065092e+01
4.766669e+01
1.239148e+02
2.013345e-02
4.752846e-03
2.430694e+01
1.880838e-03
2.971635e-02
1.000881e-04
2.891487e+01
2.163242e-01
3.376918e-03
6.868871e-04
1.776770e+04
2.093144e+00
3.738690e-02
2.067300e+03
7.282236e-03
2.078909e+02
2.713167e+01
1.379075e+02
5.878578e+00
1.631821e+01
4.935400e+02
1.808092e+01
1.495748e+03
1.330032e-03
1.600306e+02
2.493753e+00
2.586349e+02
1.442019e+01
1.748389e+03
2.546206e+01
3.933239e+02
3.984322e+02
3.488196e+02
1.505465e-02
1.764221e-01
3.345245e+00
5.535626e-02
1.000800e-02
6.059517e-01
1.012254e+00
2.639596e+01
3.784107e+00
2.905553e+01
1.796260e-02
3.094818e+01
3.908521e-02
1.045751e-01
2.287541e+00
8.451004e+00
1.033924e+00
1.431201e+00
3.887371e-01
4.533185e-02
1.704761e+00
1.314029e-01
1.461407e+00
1.020840e+00
1.957914e+01
1.277054e-01
1.578665e+00
4.124431e+00
5.818303e-01
5.370171e-01
8.467094e-01
7.735371e-01
2.939254e+01
1.292437e+00
6.356378e-01
5.263721e-01
1.774675e-01
3.433617e-01
1.365219e+00
4.936750e-01
6.673524e+01
