3.225565e-01
8.481326e-02
3.087067e-01
2.769072e-01
3.543775e+01
7.826873e-01
7.188493e-01
1.556588e-01
9.815329e+00
3.380824e-01
5.753334e+00
2.122688e-01
3.257773e-01
3.622386e-01
1.673739e+00
3.838891e+00
9.447124e+00
4.761485e-01
1.197772e+00
2.515763e-02
5.017195e-01
9.686765e-01
2.878004e+00
2.139036e-01
1.548900e+00
1.017837e+00
9.333786e-01
2.920348e+00
1.415259e+01
9.720952e+00
1.454319e-01
6.866811e-01
2.330172e-03
4.687988e-03
1.653882e+00
5.350436e-04
2.866492e-02
2.847901e-02
1.829211e-01
3.582082e+00
8.275199e-03
5.151046e+01
2.370177e+00
1.341399e+00
5.562667e-02
5.767097e+01
3.984953e+00
1.014187e-01
3.941424e-01
1.050144e+00
8.918042e-01
6.128904e-02
1.986155e+01
3.477675e-01
2.987796e-02
1.179623e-03
1.196405e-02
2.744414e-02
5.018602e-04
9.137567e+00
8.038792e-01
6.625117e-04
1.069275e+01
6.594488e-02
6.373341e-03
6.214472e-04
8.524239e-02
9.528516e-02
6.376449e-01
1.407933e+00
2.008309e-01
1.703378e-01
2.136204e-01
9.510404e-03
1.770656e+00
1.102876e+02
7.967992e-01
7.718688e-02
8.934406e+02
3.806468e-02
1.085416e+01
2.278142e+01
1.334668e+01
3.667725e-03
1.321969e-01
1.084155e-02
6.392919e+03
2.048677e+02
7.381378e+00
1.281950e+02
2.859584e+00
5.459590e-02
2.183436e+01
1.350434e+00
1.294089e+01
6.296419e+02
4.191632e+00
5.811893e+00
9.719258e+00
1.648822e-03
2.057512e+02
5.343827e+02
3.546150e+02
2.947431e-02
6.259012e+01
7.832303e+01
1.135297e+02
3.313149e+00
2.785930e+01
3.815406e+03
2.123734e+02
1.605248e+01
8.841160e-03
5.684238e-01
1.203426e+03
2.854267e-03
1.272921e-02
2.252804e+03
8.803885e+01
3.247392e+02
3.529066e+01
1.438275e+03
3.373919e+00
4.520006e+02
4.426188e+03
2.262233e-03
1.288418e+04
4.937453e+03
2.547287e+03
5.197985e-04
1.695951e+03
3.480373e+03
5.668194e+00
1.969257e+00
1.897325e+02
2.637225e+02
3.309091e+01
5.494265e+00
2.890391e+01
1.695970e+02
1.691482e+01
1.657350e-01
2.881020e-03
1.581162e+00
1.788429e+02
1.110989e+01
8.463963e-03
6.503886e-03
2.954598e-03
1.766477e+02
1.274507e-01
5.940380e-02
5.330548e+00
1.307490e+04
3.444634e+01
4.278095e-03
4.453403e+00
7.417418e+00
3.751562e-01
1.950289e+03
9.502520e+00
4.313083e+03
1.545153e+01
1.249513e+02
3.003325e-01
1.387208e+02
1.022317e-02
1.989099e+02
1.245623e+00
1.202641e+03
4.027815e-01
1.930004e+00
9.252487e+00
7.635238e+01
1.230719e+00
1.025947e+02
6.791476e-02
3.037570e+02
1.080487e-01
2.310241e+01
4.725943e-01
1.363596e-03
3.739874e+00
1.165930e+00
5.090469e-02
2.039612e+01
3.190427e+01
6.112257e+00
6.786528e-01
2.014660e-01
7.896956e-01
2.706687e-02
2.132573e+01
2.170949e+01
2.412385e+01
6.820418e-02
5.455303e-01
3.492755e-01
8.577088e-02
4.807103e-02
1.172881e+00
2.442109e+00
3.120426e+00
1.970025e+01
2.112534e+01
4.828716e+01
6.372853e-01
3.405482e+00
3.355840e+01
2.567762e-01
4.283160e-01
8.207136e-02
5.791941e+00
9.462513e-01
1.583241e-01
2.189152e+00
2.338463e+01
1.138020e+00
1.366299e+01
2.151890e+01
3.377027e+01
