2.867847e+00
2.002634e+00
1.505601e-01
4.093422e-01
4.809733e-02
8.929893e+00
4.428409e+00
1.284942e+01
3.576553e+01
2.474345e-01
2.660008e+01
3.171568e+00
2.359860e+01
1.436637e+01
1.522582e+01
3.605336e-02
8.807564e-02
1.249666e-01
6.745385e-01
4.641223e-02
5.245213e+00
2.690648e+00
9.219237e+01
3.533746e+01
2.528007e+01
1.273296e-01
7.087241e+00
7.184728e-01
6.565025e+00
3.615622e-01
2.809444e-03
2.133822e+00
1.527908e-03
1.663551e-01
6.885877e-02
2.130601e-02
3.327290e+01
4.159756e-02
1.547323e-01
3.019751e-04
4.243607e+00
2.641648e+01
4.529586e-03
2.720267e-01
2.702423e-01
7.152763e-02
4.069397e-02
1.178928e+01
1.471339e-01
7.299193e-02
7.179476e+00
1.059065e+00
1.437537e-03
4.692787e-04
3.727327e+01
4.966472e-04
2.051616e-02
9.386896e-02
5.267694e+00
1.998099e-01
4.997023e-01
4.330699e-03
9.326286e-01
1.234308e+01
1.038843e+01
4.907871e-02
9.876914e-03
1.975298e+00
1.053692e+00
3.306608e+00
3.507458e+01
1.447773e-01
6.674274e+00
4.946391e-03
7.889611e-03
8.200220e-02
1.429715e+02
1.088130e-04
1.408386e-01
5.560426e-02
2.621820e-02
2.319076e-02
2.083782e+03
7.536081e+02
1.515718e-01
7.370402e-04
2.249672e-02
1.129631e+00
2.777076e+00
1.498697e+01
2.936428e+02
4.857620e+01
7.178669e+01
1.785798e+03
1.642919e+02
2.235404e+03
2.098862e+01
9.985906e+04
6.111666e+01
5.542743e+01
1.646887e+02
1.327611e-01
2.966137e+02
1.549049e-01
9.206942e+00
1.918229e-02
1.509834e+03
9.907726e-02
1.975483e+03
4.764100e+03
2.232693e+01
7.791719e+00
8.888740e+03
9.964972e-04
6.340549e-03
2.372427e-02
7.050165e-02
1.156706e+01
5.611374e+04
3.126690e-02
4.446676e+02
3.021194e-02
2.050191e-03
8.627032e+01
1.752260e+01
1.431051e-03
5.186728e-02
7.367087e+03
8.078841e+00
3.517331e-02
2.148625e+02
8.809121e+03
8.580549e+02
1.512384e+00
7.154637e+01
1.420488e+01
3.589764e+01
1.313931e-01
9.888673e+01
6.753881e-03
3.766557e+00
1.427070e-03
3.909535e-03
6.303891e-01
1.924375e+01
1.546270e+01
1.236980e-01
3.083207e-03
1.668720e+03
7.138843e+01
3.891860e-03
1.543067e-01
1.000168e-04
2.253463e-03
8.728164e+00
4.934278e+01
2.252066e+01
5.833510e+02
5.178604e+02
5.750607e-02
2.410398e+02
4.055817e-01
3.047223e+02
3.794504e+01
2.833625e-03
5.273706e+02
2.634268e+00
9.847354e+00
5.572239e+01
1.015315e-04
1.061657e-03
2.014935e+04
1.646661e+00
9.717318e+02
1.221811e-03
4.801941e+02
6.033101e+01
1.025885e+00
4.743300e+02
7.746462e+03
2.846140e-01
2.878358e-02
9.475337e+00
3.146080e+00
8.104921e-02
9.668856e-01
8.670126e-01
3.202449e+01
1.273956e-01
9.671248e-01
8.251970e+00
2.148113e-01
1.164270e+01
2.307365e+00
6.256780e+00
6.234780e+01
5.485760e+00
3.830570e+00
1.100748e+01
1.514027e-01
2.011755e+01
3.779564e+00
2.272691e+01
4.126380e+00
1.958986e-01
2.931067e+00
1.066561e+00
6.224646e+00
2.087918e-02
7.142453e+00
7.061110e-02
1.397121e-01
7.649035e-02
8.767196e-01
5.109435e+00
1.518267e-01
3.445410e+01
1.479512e-02
2.497866e+01
8.954949e+01
4.698634e+00
