2.926636e-01
8.380316e-02
3.899601e-01
2.803578e-01
3.567244e+01
6.350494e-01
7.230746e-01
1.580107e-01
9.762978e+00
3.375361e-01
5.730948e+00
2.118805e-01
3.242160e-01
3.510493e-01
1.684145e+00
3.848103e+00
6.476375e+00
4.738444e-01
1.111433e+00
2.371624e-02
4.989011e-01
9.686905e-01
2.837005e+00
1.998072e-01
1.555276e+00
1.026017e+00
9.461708e-01
2.945086e+00
1.422231e+01
9.801013e+00
1.514917e-01
1.516565e+00
1.937762e-03
4.762790e-03
1.682129e+00
4.562880e-04
3.020468e-02
2.756840e-02
2.347550e-01
3.491409e+00
7.543075e-03
5.011989e+01
2.408715e+00
1.349202e+00
5.889951e-02
8.196496e+01
2.730336e+00
1.002484e-01
4.060967e-01
1.052248e+00
8.925513e-01
6.224121e-02
2.081086e+01
3.485813e-01
3.228592e-02
1.210001e-03
1.161741e-02
2.719601e-02
4.782245e-04
8.327276e+00
8.103265e-01
6.586609e-04
1.037667e+01
7.097165e-02
6.340637e-03
3.643309e-03
8.725423e-02
9.378490e-02
6.512488e-01
1.268276e+00
2.002778e-01
1.654373e-01
2.078150e-01
8.989710e-03
1.689677e+00
1.050627e+02
8.013542e-01
7.679171e-02
8.160653e+02
3.921216e-02
1.091336e+01
2.369341e+01
1.313033e+01
3.917152e-03
1.329024e-01
1.235874e-02
1.918311e+04
2.023706e+02
7.295385e+00
1.154093e+02
1.000731e+00
3.217298e+01
9.278131e+03
1.334287e+00
1.300653e+01
6.220426e+02
4.234927e+00
7.199684e+02
9.675579e+00
1.571341e-03
2.094854e+02
5.706384e+03
3.906117e+00
8.248997e+00
6.329506e+01
1.346110e+02
1.123242e+02
3.303558e+00
2.777561e+01
4.589648e+03
2.114079e+02
1.675374e+01
9.267180e-03
4.429194e-01
1.256232e+03
2.859571e-03
1.270048e-02
2.256063e+03
9.102518e+01
2.331959e+02
3.595146e+01
1.411654e+03
3.554428e+00
5.362425e+02
4.591196e+03
2.072043e-03
1.242361e+04
5.154683e+03
2.422712e+03
5.224226e-04
1.665376e+03
3.248420e+03
5.658468e+00
1.886169e+00
1.936695e+02
2.112436e+02
3.405106e+01
6.207789e+00
2.889218e+01
1.688241e+02
1.680077e+01
1.639050e-01
2.875679e-03
1.634848e+00
1.789158e+02
1.046795e+01
8.552016e-03
3.324033e-03
2.890492e-03
1.780686e+02
9.436766e-01
6.381829e-02
6.747863e+00
1.301574e+04
2.084007e+01
4.510056e-03
4.141947e+00
1.627818e+00
3.837949e-01
3.546342e+01
1.235929e+01
4.155742e+03
1.558437e+01
1.264568e+02
3.159755e-01
1.528287e+02
1.424216e-04
2.023346e+02
1.241694e+00
1.155353e+03
4.015072e-01
1.938401e+00
8.371365e+00
3.910050e+01
1.398406e+00
1.018673e+02
6.732707e-02
3.114200e+02
7.611999e+01
2.494340e+01
4.694887e-01
1.341841e-03
3.679373e+00
1.166326e+00
5.324268e-02
2.048127e+01
2.859648e+01
6.151561e+00
6.789109e-01
2.035597e-01
9.974752e-01
2.476027e-02
2.147603e+01
2.179036e+01
2.414754e+01
7.106440e-02
5.395137e-01
3.236512e-01
8.644217e-02
4.735472e-02
7.521867e-01
2.486030e+00
3.137011e+00
1.161910e+01
2.125490e+01
4.931899e+01
6.225914e-01
3.150970e+00
9.999920e+01
2.819331e-01
3.761581e-01
1.136657e-01
5.671702e+00
9.367815e-01
1.593937e-01
1.567213e+00
5.553384e+01
1.167434e+00
2.643889e+01
2.203869e+01
2.929799e+01
