3.033152e-01
8.752143e-02
3.402658e-01
2.849692e-01
3.282074e+01
6.999715e-01
7.473430e-01
1.597769e-01
1.430134e+01
3.105219e-01
6.723676e+00
2.205670e-01
3.326212e-01
3.328371e-01
1.201820e+00
3.337932e+00
1.132271e+01
5.106639e-01
1.058162e+00
2.352171e-02
4.543366e-01
1.016997e+00
3.123918e+00
2.215293e-01
1.510571e+00
1.133765e+00
9.199993e-01
2.928905e+00
2.538316e+01
9.493430e+00
2.533545e-01
5.230079e-01
2.319705e-03
4.549659e-03
1.672588e+00
6.577427e-04
3.317744e-02
1.627925e-02
1.303894e-01
3.620270e+00
3.882368e-02
3.944995e+01
2.708393e+00
1.242545e+00
1.559354e-01
4.879631e+01
4.138283e+00
1.003258e-01
4.018035e-01
9.872149e-01
8.150539e-01
1.993231e-02
1.895012e+01
2.567970e-01
2.497333e-02
1.274599e-03
1.576501e-02
5.303098e-02
6.685765e-04
8.722946e+00
7.563657e-01
4.871304e-04
9.915536e+00
6.827664e-02
1.426721e-03
6.848702e-04
8.728662e-02
1.166755e-01
5.990500e-01
1.452226e+00
1.915314e-01
1.548027e-01
2.111900e-01
1.381949e-02
2.551831e+00
1.102721e+02
1.218747e+00
9.110874e-02
9.043861e+02
3.573133e-02
1.169670e+01
2.034378e+01
1.325259e+01
3.035899e-03
7.565603e-02
1.951661e-02
2.032188e+02
1.873101e+02
6.703235e+00
1.349787e+02
3.440035e+00
2.454222e-01
2.020781e+01
1.253148e+00
1.498416e+01
5.802068e+02
4.958837e+00
4.929182e+00
9.302735e+00
1.820642e-03
1.718821e+02
4.592395e+02
5.604611e+02
1.640872e-02
6.215499e+01
2.043363e+02
1.101408e+02
1.280083e+00
3.226843e+01
5.882822e+03
2.059169e+02
1.736489e+01
9.021689e-03
6.039878e-01
1.245423e+03
2.715457e-03
6.765101e-03
7.412786e+02
9.491219e+01
1.044285e+02
3.466046e+01
1.756745e+03
3.105294e+00
2.990106e+03
6.149295e+03
1.652973e-01
9.401742e+04
4.648712e+03
2.467127e+03
1.536100e-03
1.821275e+03
1.783964e+04
6.683399e+00
5.303142e+00
1.921036e+02
2.785983e+02
3.466487e+01
5.644032e+00
2.680727e+01
2.047666e+02
1.688572e+01
1.543991e-01
2.415622e-03
1.486566e+00
1.808120e+02
7.337378e-01
8.232494e-03
8.041990e-03
2.952467e-03
1.781838e+02
1.159232e-01
5.513491e-02
7.095674e+00
1.462101e+04
3.857379e+01
5.228525e-03
3.802062e+00
7.038811e+00
3.317159e-01
2.250783e+03
1.117009e+01
5.005991e+03
1.256244e+01
1.491323e+02
2.429391e-01
1.359716e+02
6.345815e-02
2.012936e+02
8.692678e-01
1.512339e+03
6.290470e-01
3.295708e+00
1.020811e+01
4.273134e+01
1.150956e+00
1.469697e+02
6.648536e-02
8.634541e+01
8.330640e-02
2.515593e+01
4.114512e-01
1.381412e-03
3.617388e+00
1.176180e+00
4.893015e-02
2.004689e+01
2.731624e+01
6.768709e+00
6.793315e-01
2.017290e-01
7.462528e-01
3.612575e-02
2.884400e+01
2.349274e+01
6.326852e+01
7.639873e-02
5.325533e-01
3.622005e-01
8.327200e-02
5.062350e-02
1.144008e+00
2.421641e+00
3.289916e+00
1.959175e+01
1.207083e+01
8.044113e+00
6.353493e-01
3.577923e+00
9.934234e+00
2.823495e-01
4.236713e-02
8.377863e-02
2.138697e+00
9.731704e-01
1.534925e-01
2.020419e+00
2.488973e+01
1.186159e+00
8.591350e+00
2.335318e+01
2.341213e+01
