3.254040e-01
9.009385e-02
3.443558e-01
2.706846e-01
3.468159e+01
6.905747e-01
9.880216e-01
1.600483e-01
1.441665e+01
3.154321e-01
6.698878e+00
3.101703e-01
2.323416e+00
3.271126e-01
1.237555e+00
2.945694e+00
1.139774e+01
5.075291e-01
1.449492e-02
2.390748e-02
4.545879e-01
1.037927e+00
3.231806e+00
2.475795e-01
1.474863e+00
1.149119e+00
9.096721e-01
3.080170e+00
2.662243e+01
1.015265e+01
1.736710e-01
4.995800e-01
2.272871e-03
8.838157e-03
3.497983e-01
6.297228e-04
3.180624e-02
1.123742e-02
2.727055e-01
3.568540e+00
2.744474e-02
3.795975e+00
2.522580e+00
1.622825e+00
1.297306e-01
8.317932e+00
4.333092e+00
9.835260e-02
3.002507e-01
2.873811e+00
7.593686e-01
1.957586e-02
1.815440e+01
2.588199e-01
2.283919e-02
1.315588e-03
1.625384e-02
4.989963e-02
6.647853e-04
9.793270e+00
6.155223e-01
4.874150e-04
2.175106e+01
5.876188e-02
1.365637e-03
5.519234e-04
9.219910e-02
8.208614e-02
5.716407e-01
1.455311e+00
2.377589e-01
1.557414e-01
2.736739e-01
1.801167e-02
5.814069e-01
9.171978e+01
1.297231e+00
9.498636e-02
9.245590e+02
3.524973e-02
1.190460e+01
6.794463e+01
1.414774e+01
3.081685e-03
7.491813e-02
1.419825e-02
2.110834e+02
1.989638e+02
3.898038e+01
2.040154e+02
3.405106e+00
2.209929e+00
2.165351e+01
1.394309e+00
1.574644e+01
1.795423e+02
4.860620e+00
4.945034e+00
9.751434e+00
2.458593e-03
1.765088e+02
5.092739e+02
4.933798e+02
1.604346e-02
6.055476e+01
2.264572e+02
9.708703e+01
1.248600e+00
3.659680e+01
5.572447e+02
1.963571e+02
2.899018e+01
8.908842e-03
4.504061e-01
1.133581e+04
2.532749e-03
6.115078e-03
7.784591e+01
1.005950e+02
9.737555e+01
3.481306e+01
1.688921e+03
2.091770e+00
2.864576e+03
6.214417e+03
1.636870e-01
3.388117e+04
4.903539e+03
2.467517e+03
1.511149e-03
1.731285e+03
2.445046e+04
6.366636e+00
4.929344e+00
1.756762e+02
2.944075e+02
3.329535e+01
5.810929e+00
2.052607e+01
1.819328e+02
1.439202e+01
2.427432e-01
2.252507e-03
1.555829e+00
1.757297e+02
7.029542e-01
8.563890e-03
8.319318e-03
1.486985e-03
1.901330e+02
1.121595e-01
5.716494e-02
8.143687e+01
8.766921e+03
2.357021e-01
4.911140e-02
3.618156e+00
6.978872e+00
8.117798e-01
3.171736e+04
1.292545e+01
4.815912e+03
4.393195e+03
1.977114e+02
2.681548e-01
1.336629e+02
1.354576e+00
2.750721e+02
1.120462e+00
1.100755e+03
3.557774e-01
1.152483e+01
1.164573e+01
3.436916e+01
1.164989e+00
1.525769e+02
7.178932e-02
9.327585e+01
8.115982e-02
2.530901e+01
9.662257e-01
6.695223e-04
4.601654e+00
1.087461e+00
4.799971e-02
1.545451e+01
4.534194e+01
6.219251e+00
5.971429e-01
3.219720e-01
7.689551e-01
3.690132e-02
3.103847e+01
2.329775e+01
6.713616e+01
7.565617e-02
4.590679e-01
3.728625e-01
7.317693e-02
4.450230e-02
1.170797e+00
2.319342e+00
3.335790e+00
1.988374e+01
1.206074e+01
5.508491e+00
5.680949e-01
6.053187e+00
9.975407e+00
2.971539e-01
3.949634e-02
9.131869e-02
2.173931e+00
9.878805e-01
1.484876e-01
2.037201e+00
2.282602e+01
1.222733e+00
1.009907e+01
3.426713e+01
2.803495e+01
