2.311965e+00
1.235011e-01
8.177347e-02
3.720030e+01
1.319890e+01
1.660594e-02
3.650754e+00
1.074435e-02
3.424764e+01
1.183409e+00
6.824819e-02
6.701285e+01
5.740685e+01
2.282786e+00
2.560776e+01
1.842293e-02
2.379520e-01
1.802643e-02
9.374293e-01
1.982339e-02
7.628691e+01
9.798227e-01
4.357837e-01
4.398357e+01
4.688448e+01
1.285246e-02
9.021101e+01
8.854474e+01
2.857755e-01
4.714731e+01
1.000503e-02
2.710316e+00
2.800460e+01
4.742277e+00
5.489988e-04
1.453128e-01
5.191858e-03
3.643409e-03
4.325670e+00
3.375808e-04
6.866243e+01
1.696943e+01
7.943045e-02
1.289103e-01
3.187615e+00
4.538271e-02
1.531035e+00
8.768702e-03
2.529342e+00
1.672301e-04
8.605176e+00
4.172447e+01
2.208438e-03
5.331824e-04
1.571612e-02
2.771524e-04
1.055489e-03
4.498257e-01
9.243675e+00
2.018701e-04
1.315220e+00
6.481968e-03
6.550978e+00
5.491641e+00
1.419146e-04
1.335557e-02
2.479419e-02
2.347654e-01
9.134865e+00
5.857705e+01
2.741683e+00
1.345383e+01
4.503556e+01
1.289885e+01
1.813078e-04
3.468179e+00
3.325005e-04
5.998485e-03
3.286523e-03
7.851560e-02
1.152687e+00
2.879155e+02
1.599036e+02
3.263666e+04
7.907238e+04
4.288981e+00
6.271519e-02
1.498411e+00
2.936659e+00
1.176620e-02
9.677006e+01
1.882529e+03
6.327013e+01
3.996911e+03
1.130597e+03
6.399278e+04
7.536552e+00
1.827713e+01
1.459344e+02
3.647332e+02
3.405681e+02
1.617904e+00
1.128458e+02
3.675882e+04
4.856367e+01
5.175190e-03
4.572396e+02
2.330671e-02
8.189249e+03
7.907414e+02
4.191808e+00
2.826329e+01
8.169449e+01
1.459392e+01
7.920262e-03
1.284950e-02
2.440935e+03
3.903297e+00
3.819913e-04
4.985707e-02
3.961591e-01
1.361416e-04
2.524629e+00
4.675511e+02
3.278620e+03
1.295195e-02
1.428121e+00
2.920559e+03
2.375839e+01
8.021200e-03
1.045595e+03
2.060587e+04
2.171397e+03
5.969518e+00
1.655054e+00
5.717529e-03
1.634126e+00
1.501631e+01
1.009568e+03
5.595074e-04
2.099718e+00
1.363917e-01
3.710722e-04
9.929211e-01
6.819110e+03
2.025619e+04
8.654881e+02
6.531487e-03
1.038464e+02
1.916695e+01
2.876000e-01
7.455452e-02
4.640833e-03
8.327502e+01
5.697772e-01
9.604913e+02
6.640826e+02
2.451559e+03
1.093501e+00
4.126213e-02
1.631654e+03
1.770754e+00
6.194554e+00
3.642051e+02
3.652270e+04
4.037195e+03
1.849241e+00
1.654793e+01
2.125867e-01
1.089180e-01
2.039116e-02
8.252148e-03
8.947254e+02
1.417176e+00
4.360273e-04
5.981896e+01
6.798135e+02
1.561732e+02
9.863393e+02
3.230987e+01
2.164324e-01
4.196870e-02
3.038558e+01
1.091464e-01
1.807788e+00
6.748517e+01
1.193148e+00
5.138197e-02
2.750784e+01
2.500950e+01
1.471982e+01
2.366045e-02
2.899348e+01
3.269952e+01
3.398404e-01
2.840803e+00
9.265696e+00
1.265249e+01
2.495143e-01
1.000365e-01
5.000404e+00
8.147129e+00
2.623133e+01
5.154709e+00
3.960620e-02
1.129709e-01
7.563204e-01
1.942213e-02
1.816040e-01
2.118527e+01
5.006173e-02
6.767274e-02
6.703112e-02
1.450133e+01
8.117562e+00
6.611675e-02
7.353530e+01
2.914024e+00
2.112697e+01
1.490298e+00
6.041250e+00
