3.018777e+00
2.018878e+00
8.949523e+01
4.350576e-01
4.856730e-02
9.033017e+00
4.315225e+00
1.306072e+01
3.865218e+01
2.553347e-01
1.395732e+01
3.085778e+00
2.352705e+01
1.367242e+01
1.520571e+01
3.516024e-02
8.752741e-02
1.254742e-01
6.523004e-01
4.819263e-02
5.456478e+00
2.848883e+00
8.435917e+01
3.557284e+01
2.132690e+01
1.092073e-01
7.023297e+00
7.075163e-01
6.568977e+00
3.522090e-01
2.958354e-03
2.121113e+00
1.543968e-03
1.673974e-01
9.214934e-02
2.156714e-02
3.152712e+01
2.356539e-02
1.832884e-01
1.830533e-04
1.523960e+00
2.615548e+01
4.541351e-03
2.736618e-01
2.332567e-01
4.308925e-02
3.947503e-02
1.248478e+01
1.465081e-01
7.636688e-02
5.646435e+00
1.090880e+00
1.464840e-03
4.567983e-04
4.345623e+01
5.099871e-04
1.743008e-02
8.353298e-02
5.082652e+00
1.770562e-01
4.989106e-01
4.390430e-03
9.360687e-01
1.491498e+01
1.204237e+01
5.195306e-02
9.843415e-03
1.844100e+00
1.069894e+00
2.257718e+00
6.975249e+00
1.366297e-01
2.912511e+00
5.026041e-03
5.809683e-03
8.721592e-02
1.318675e+02
1.357897e-03
1.375308e-01
5.560081e-02
3.261281e-02
2.471677e-02
1.898955e+03
7.555217e+02
1.490481e-01
7.531667e-04
2.265074e-02
1.279675e+00
2.791253e+00
1.982643e+01
2.771930e+02
4.854902e+01
1.952557e+02
1.733772e+03
1.721526e+02
2.123954e+03
2.523691e+01
9.156052e+04
5.413967e+01
5.865036e+01
1.634477e+02
1.380367e-01
2.875967e+02
1.574761e-01
6.087653e+00
2.111957e-02
1.431483e+03
1.215502e-01
2.578233e+03
7.522819e+01
2.279908e+01
6.898330e+00
1.097432e+04
9.739204e-04
1.272495e-02
2.380115e-02
6.921891e-02
1.118638e+01
3.344956e+04
3.376638e-02
4.254691e+02
5.793215e-02
1.914604e-03
8.585195e+01
1.720149e+01
1.406687e-03
5.148595e-02
8.095356e+03
8.103422e+00
3.638195e-02
1.928792e+02
8.865610e+03
8.373914e+02
1.459778e+00
7.054512e+01
1.530420e+01
3.621893e+01
3.732801e-02
1.086313e+02
6.460834e-03
4.900057e+00
1.386323e-03
3.867911e-03
6.103916e-01
1.967547e+01
2.493397e+01
1.303184e-01
2.300161e-03
1.750628e+03
7.218126e+01
3.879218e-03
1.624120e-01
1.015057e-04
1.364347e-03
5.845258e+00
1.259975e+02
2.169426e+01
6.326409e+02
5.446995e+02
4.234953e-02
2.486283e+02
4.086978e-01
2.864437e+02
3.647504e+01
2.777989e-03
5.656051e+02
2.703507e+00
9.876345e+00
5.147440e+01
5.946762e-03
1.034858e-03
1.512204e+04
1.765785e+00
9.666052e+02
1.306269e-03
4.826618e+02
5.895936e+01
1.047858e+00
5.353930e+02
4.903130e+03
9.890101e-01
5.629035e-02
9.501114e+00
3.142338e+00
8.289167e-02
1.288302e+00
8.415133e-01
3.052175e+01
1.571428e-01
9.709639e-01
6.580820e+00
2.089507e-01
1.153386e+01
2.187600e+00
6.288082e+00
6.531976e+01
5.721966e+00
3.668972e+00
9.470268e+00
1.543374e-01
2.023984e+01
3.783294e+00
2.273575e+01
4.273588e+00
1.854746e-01
2.716251e+00
1.032473e+00
6.367671e+00
1.881180e-02
7.110745e+00
2.731541e-02
1.273722e-01
6.647661e-02
9.521551e-01
5.287122e+00
1.515645e-01
3.404294e+01
1.114037e-02
2.503548e+01
1.131284e-02
4.680758e+00
