3.169656e-01
8.265360e-02
3.320832e-01
2.780864e-01
3.427225e+01
7.675365e-01
7.301810e-01
1.601148e-01
1.026522e+01
3.122685e-01
5.840273e+00
2.172674e-01
3.248960e-01
3.621090e-01
1.677664e+00
3.839445e+00
9.132194e+00
4.780892e-01
1.065596e+00
2.355208e-02
4.898799e-01
9.724865e-01
2.790686e+00
2.168820e-01
1.543220e+00
1.052504e+00
9.552109e-01
2.945644e+00
1.409585e+01
9.844336e+00
1.446747e-01
7.198454e-01
2.230412e-03
4.634972e-03
1.622843e+00
5.513909e-04
2.849478e-02
3.141595e-02
1.852382e-01
3.627341e+00
8.831640e-03
5.011597e+01
2.321918e+00
1.325051e+00
5.571936e-02
5.267294e+01
3.977757e+00
1.034116e-01
4.034903e-01
1.022253e+00
8.930321e-01
6.191915e-02
2.011466e+01
3.167972e-01
2.833900e-02
1.203212e-03
1.254144e-02
2.697109e-02
4.476994e-04
8.888671e+00
8.020324e-01
6.709815e-04
1.058106e+01
6.701520e-02
6.515557e-03
6.082052e-04
8.537164e-02
9.624424e-02
6.204293e-01
1.466799e+00
1.991110e-01
1.656442e-01
2.074403e-01
9.752753e-03
1.753908e+00
1.050380e+02
8.008295e-01
8.648210e-02
9.165970e+02
3.798324e-02
1.123670e+01
2.244269e+01
1.289125e+01
3.600746e-03
1.366424e-01
1.083981e-02
5.833657e+03
2.039217e+02
6.686232e+00
1.301775e+02
2.993849e+00
5.551937e-02
2.099248e+01
1.356065e+00
1.294324e+01
6.433598e+02
4.507255e+00
5.928514e+00
9.800950e+00
1.710150e-03
1.943585e+02
5.150794e+02
3.491507e+02
2.969391e-02
6.288744e+01
8.425289e+01
1.113282e+02
3.180897e+00
2.770081e+01
3.637939e+03
2.116306e+02
1.680506e+01
8.846177e-03
5.935825e-01
1.205369e+03
2.887005e-03
1.254719e-02
2.289605e+03
9.098737e+01
3.265819e+02
3.438090e+01
1.435252e+03
3.341877e+00
4.133304e+02
4.433430e+03
2.210199e-03
1.500924e+04
4.661004e+03
2.520179e+03
4.634869e-04
1.804063e+03
3.586761e+03
7.032770e+00
2.211369e+00
1.893785e+02
2.484434e+02
3.428671e+01
5.717506e+00
2.606512e+01
1.779357e+02
1.680320e+01
1.646561e-01
2.871317e-03
1.576613e+00
1.796070e+02
1.214524e+01
8.195437e-03
6.537659e-03
2.870535e-03
1.793228e+02
1.273734e-01
5.714859e-02
5.327925e+00
1.240600e+04
3.427741e+01
4.166056e-03
4.396294e+00
7.343334e+00
3.710835e-01
1.873469e+03
1.176175e+01
4.574431e+03
1.538832e+01
1.230103e+02
2.423929e-01
1.332100e+02
1.008574e-02
1.929429e+02
1.304991e+00
1.222568e+03
5.805895e-01
1.972222e+00
8.838907e+00
7.248262e+01
1.220586e+00
1.028828e+02
6.516090e-02
3.093730e+02
1.084044e-01
2.381084e+01
4.673353e-01
1.356543e-03
3.695405e+00
1.176705e+00
4.956194e-02
2.019047e+01
3.200974e+01
6.128038e+00
6.534009e-01
1.996408e-01
7.848963e-01
2.721912e-02
2.078637e+01
2.310611e+01
2.431543e+01
6.956155e-02
5.479038e-01
3.513117e-01
8.413293e-02
4.828819e-02
1.165170e+00
2.447381e+00
3.113082e+00
2.009390e+01
2.040367e+01
4.695221e+01
6.334948e-01
3.421422e+00
3.379572e+01
2.544121e-01
4.429319e-01
8.223285e-02
5.825133e+00
9.652305e-01
1.572999e-01
2.206616e+00
2.332816e+01
1.106512e+00
1.375707e+01
2.247630e+01
3.449183e+01
