1.671078e-01
5.606753e-01
4.786086e-02
1.387574e-01
1.809475e+01
5.525636e+00
1.240651e-02
4.110853e-02
2.442412e-02
5.672309e+01
7.203630e-02
5.065746e+01
7.901022e+00
1.928651e-02
1.534513e-02
1.073971e-02
1.740247e-02
6.684036e-01
1.090207e-01
4.298610e+01
2.273870e+00
4.139397e-01
3.672362e-01
5.055024e+01
6.642471e+01
6.517625e-02
4.340346e+00
1.575720e-01
4.983003e-01
9.667565e-02
3.326648e+00
3.352330e+00
9.998924e+01
4.202810e-03
5.412157e-02
3.448451e-03
8.232541e-02
1.357675e-04
3.623022e+01
1.602953e-01
1.765239e-03
2.248759e-02
9.736629e-03
2.556487e-02
8.190244e+01
7.081748e+00
1.764297e+00
8.631477e-03
2.875912e-02
6.343456e-02
3.087075e+01
1.234639e+01
8.215404e-01
2.251309e+01
1.697463e-01
5.306096e+00
2.448935e-04
1.989950e+01
3.209116e+00
5.824768e-01
3.304960e-04
8.536115e-04
1.355865e-03
2.534389e+01
1.490537e-01
1.036376e-02
2.090993e-04
7.770096e-02
3.795619e-01
7.685354e-02
8.746391e+01
1.033865e+01
2.315402e-03
1.293958e-04
2.859121e-01
5.972028e+04
6.140003e+03
1.835940e+01
6.165273e+03
2.149099e-03
5.653143e+01
5.917280e-01
1.255648e-04
1.339797e+02
2.111075e+04
9.779180e+00
5.436019e+01
1.899909e-01
7.624037e+03
1.155287e-03
7.001819e+03
2.497121e+04
4.469746e+01
4.489811e-01
4.818929e+02
2.394531e+03
2.059306e+03
6.869286e-03
8.228269e+02
2.906737e+02
1.116860e+01
9.276828e+04
3.153899e+01
1.214552e-03
2.823971e+03
5.851874e+00
7.825278e+03
3.318540e-04
1.048024e+01
3.412302e+02
1.300653e+00
3.689895e+04
9.318954e+00
1.203390e-03
2.469075e+01
4.118275e+03
1.003728e-02
2.355869e-03
1.250753e-03
1.022750e+03
1.465613e-02
5.084008e+02
5.375489e+04
1.130903e+04
3.932987e-01
5.841344e-03
5.462214e+02
2.522659e-04
5.529378e+01
4.390690e+02
9.422753e+01
1.844500e-04
4.800531e+00
8.339812e+01
8.634305e+01
6.197117e+00
1.522235e+01
8.643665e-04
1.599662e+00
1.963360e-04
9.897367e+01
1.159109e-04
6.898795e-01
8.409339e+00
3.015869e+00
6.789534e+00
1.901903e+01
1.738215e-03
6.474096e+03
4.703693e+03
1.170059e-01
3.115238e-03
2.007943e-03
3.561420e+04
1.437243e-03
2.828027e+03
2.436361e+01
1.903150e+02
2.661372e-01
2.216883e+00
9.365335e-01
1.564066e+02
6.638323e+01
3.612826e+00
3.870184e+00
6.926144e+03
2.477170e-02
3.323770e+02
7.168744e-02
4.166433e-04
4.127871e-01
2.820228e+04
3.593516e-01
4.339193e+00
2.405982e-03
1.934490e+02
2.883060e-04
6.613248e+02
8.759267e-02
1.807447e+01
1.048692e-04
2.140399e-01
1.042955e-01
1.371676e-02
2.580644e-02
3.438200e-02
4.532541e-01
8.909536e-02
1.144191e+01
3.596722e+00
3.425367e-01
1.823469e+01
3.579763e-01
6.100963e-02
3.717641e-01
5.948000e-01
4.792192e+00
5.264388e-01
1.697065e-01
5.810806e+01
2.279024e-01
1.866345e+00
5.406228e+01
3.126991e-01
1.406179e+01
3.509830e+00
1.598780e-02
3.728192e-02
5.809977e-01
7.671443e+01
2.143070e+00
6.328981e-02
2.978148e-01
2.299903e-01
1.972250e-01
2.802605e-01
7.716770e+00
3.907412e+01
5.510169e+00
2.209243e+00
3.802319e+02
