8.520452e-02
3.882827e-02
4.749497e-01
1.284181e+01
2.546979e+00
8.452476e-01
1.547632e-01
4.960796e-01
2.532083e-01
1.366593e-01
2.739320e-01
1.666782e+01
5.938222e+00
5.823557e-01
3.597095e+00
3.523608e+00
4.618371e+00
2.405438e+00
8.670740e+00
3.390352e+00
3.877440e-01
3.040942e-01
1.578419e-01
1.271973e-01
1.229835e+00
5.913943e-02
2.536076e-01
1.106572e+00
3.189284e+01
8.711165e+00
1.906262e-01
1.538737e-02
6.437645e-02
3.770626e-01
4.014499e-01
1.323414e-03
5.168661e-02
1.386297e+00
2.673612e-02
4.742513e+00
2.415090e-02
2.732696e+00
1.471089e-02
1.584344e+00
4.167106e-02
1.017232e-02
9.957905e-02
1.115433e+00
7.981600e+00
6.437768e+00
4.365978e-03
1.279394e+00
2.067369e+00
2.551781e+00
2.536941e-02
1.205076e-01
8.975060e-02
4.250693e-04
4.924828e+00
2.542182e-01
1.529341e-02
1.534896e-02
3.191960e-03
6.606369e-02
5.142191e-03
1.361021e-02
6.973069e-01
7.880750e-02
1.868122e-01
6.546408e-01
6.312531e+00
5.224166e-01
6.897165e-01
1.561134e-03
1.518797e-02
2.982965e+00
3.744201e+02
9.070848e+03
2.824434e+01
3.020457e-03
4.475137e-01
1.447338e-02
9.319401e+03
6.357610e+02
1.132942e-01
4.097949e-01
5.617539e+01
1.211290e+03
1.007399e+01
1.605341e-02
1.178242e+02
6.451082e+01
6.397888e+01
1.927402e+02
1.995213e+01
1.623372e+01
3.560332e+02
3.112644e+02
2.007937e+00
8.970416e+00
1.722134e+02
3.434563e+01
4.359885e+00
1.653007e-01
1.985480e+01
2.461757e+04
1.019478e+02
1.331766e+00
6.376742e+00
1.537073e+00
1.177296e+01
2.350593e+01
2.130083e+02
1.884432e+01
6.174202e-04
8.195584e-01
1.206685e-02
2.702081e+01
5.881981e-02
1.091525e+01
6.541604e-01
2.427741e-01
1.244959e-03
8.641329e+01
2.881510e-01
4.012897e+01
4.108416e-02
2.624841e+02
1.306452e+01
6.368276e+00
5.551575e+03
5.401385e+02
1.679871e+01
1.732621e+02
6.383041e+02
1.461095e+01
4.023395e+00
2.277841e-01
3.987482e+01
1.847422e+01
2.198672e+02
1.432056e-02
8.451526e-04
1.287211e+04
3.714812e+03
2.436176e+01
3.995763e-01
1.472878e-01
2.190781e-03
1.407071e+02
7.608334e-04
1.196504e-03
1.000784e-04
3.939929e+01
3.806064e+02
2.460964e+03
1.392164e-01
1.142922e-01
1.648516e+00
4.276596e-03
1.980670e+03
3.479210e+01
1.276541e-02
8.284556e+00
2.686503e+00
1.584957e+01
7.973832e+01
1.403821e+02
9.854827e+01
2.260053e+00
2.207492e-04
1.732713e+02
3.056126e+01
2.645531e+02
1.680714e+01
1.989916e+00
9.986029e-03
1.012316e+00
1.021155e+00
8.958025e+01
1.154501e-03
2.040156e-03
1.716923e+00
3.916986e+00
1.945948e-01
8.406094e-02
3.561160e+00
6.497076e+00
8.350742e+00
1.420025e-01
6.056590e+01
5.337456e-01
3.225023e-02
8.215283e-02
3.177793e+00
2.337403e-01
2.297967e-01
4.184796e-02
3.974647e+01
2.307304e+00
2.214194e-01
1.238975e+00
3.765609e-01
5.601645e-01
4.920496e+00
1.130374e+00
8.163284e+00
3.846060e+00
8.324145e+00
3.563158e+00
1.002317e-01
1.158939e-01
1.369089e-01
2.592927e+00
1.763810e-02
3.806628e+01
2.020370e-01
2.054881e-01
5.313789e+01
1.016068e+01
1.103335e+01
