1.709849e-01
1.092039e+00
8.807963e-02
3.461212e-01
1.057496e+01
3.907645e+00
1.994117e-01
8.373305e-02
6.355408e+00
1.034298e+01
1.770996e-01
6.089800e-01
1.653605e-01
4.363965e-01
1.534235e+00
6.746830e+00
6.109575e+00
1.828427e+00
1.298892e+00
7.513476e+00
2.044812e+01
5.017531e-01
1.281156e+00
6.283066e-01
3.800934e+00
1.821285e-01
7.367943e+00
1.329469e-01
3.582404e+00
1.087945e-01
3.620273e+00
2.339024e-02
1.100814e-03
5.259138e-02
4.728167e-02
6.787589e-02
2.744841e-01
5.492957e-01
6.438321e-01
3.092783e-02
6.016213e-03
8.976779e+00
1.579061e-03
8.066743e-01
5.687058e-02
2.402204e-01
6.602388e+01
1.471433e-03
1.677627e-03
4.624649e-04
4.415155e-01
1.590866e+00
8.470164e-03
1.075404e+00
3.414281e-01
1.050355e-03
1.231314e-03
1.821840e-02
5.549860e-01
1.010277e+01
1.671257e+00
3.614941e-03
4.274051e-03
8.732249e-01
3.975148e-02
7.107088e-02
4.121289e-04
8.588885e-01
3.574704e-02
4.060378e+00
2.515507e-03
4.909179e-01
4.242067e-02
4.537771e-03
1.447444e-01
1.152649e-01
4.972458e+02
1.721171e+02
1.019524e+01
2.548902e-01
2.008990e+01
1.563983e+01
1.457468e+02
7.762123e+01
4.497942e-02
2.787628e+01
2.578639e+00
5.527297e-01
5.480310e+01
1.827938e+00
2.309469e+02
7.893175e+03
3.193726e+00
5.215945e+00
9.058732e+01
1.106301e+04
1.155804e+02
3.642950e-01
8.823243e+02
2.331855e+01
2.960730e+01
1.625902e+02
1.205952e+01
1.377698e-02
2.897531e+02
1.300554e+01
1.499851e+03
4.610859e-02
1.556444e+01
2.298623e+00
1.019132e+03
1.068711e+03
1.964348e+01
4.028945e+00
2.956404e+01
3.786646e+01
1.019282e-04
5.212625e-02
1.745328e+03
1.063853e+00
3.436866e+01
1.974428e+01
2.096192e+02
2.057318e+03
3.493381e+01
3.626265e+00
1.148348e+01
9.948693e-02
8.937601e+01
7.310503e-01
9.649927e+01
4.425846e+02
1.611279e+01
4.592499e+03
1.603680e+03
2.663013e-02
1.629153e+02
7.811414e-02
9.356927e+02
1.453350e-03
9.024756e+01
1.191451e-01
3.664075e-03
4.654213e-03
7.314540e+00
6.536079e+03
1.175742e+02
2.071626e-03
2.157024e+01
4.086978e+01
3.833822e-02
7.574185e-03
7.837266e-03
1.799583e+03
2.906780e-03
1.809147e+02
4.521572e+00
2.946160e-02
4.325366e+00
1.036821e+00
7.298208e+00
6.813072e+00
3.862963e+00
7.357796e+01
1.826525e+00
1.163857e+03
5.945467e-02
1.423202e+02
7.582330e-03
3.374975e+02
1.774251e-01
2.402561e+02
3.115825e-03
1.767283e+01
4.484036e-02
1.367050e+02
5.642533e+02
2.698055e+01
4.406485e-02
3.217026e+01
9.600935e-04
9.878927e-03
1.377300e-01
8.483212e-01
1.215172e-01
4.357872e+00
1.795495e-01
3.658000e+00
1.057478e+01
9.319567e-01
2.417430e+00
3.536808e+00
6.869015e-02
9.628511e-02
1.377853e+00
9.366129e-01
8.998810e+00
6.294590e-01
5.171152e-01
7.822460e-02
1.335524e+00
1.813003e+00
1.613956e+00
5.359357e-01
6.756870e-02
1.658714e+00
8.621135e+00
3.660030e-01
3.579445e+00
3.162692e+01
1.885581e-01
2.472381e-02
1.136835e-01
4.633519e-01
1.021738e+00
4.017749e+00
6.464030e+01
4.359657e+00
4.109003e-01
7.980669e+00
2.441759e+02
