1.548459e+00
2.172883e+00
1.591036e-01
3.276362e-01
3.711002e+01
5.398255e+00
2.959736e+00
2.255556e-02
2.625162e-02
6.779094e+01
1.128943e-01
4.790957e+00
1.280258e+01
3.096109e-01
4.148211e-02
2.596819e-01
3.933245e-01
5.418005e-01
2.167666e-01
3.108898e+00
1.062115e+01
1.696667e-01
1.434371e-01
4.472350e+00
3.617912e+01
6.001221e-02
8.401692e+00
1.963853e+01
8.918602e-01
9.440503e+00
1.664540e+00
6.988820e+00
1.292330e-01
2.525226e-03
4.259463e-03
4.107570e-02
3.822540e-02
4.752083e-01
1.472890e+01
1.442191e+00
3.132025e+01
7.202499e+00
1.864281e-02
3.335013e-03
1.211476e+00
1.427402e+01
3.456922e-01
3.205388e-03
1.016315e-01
4.863010e-02
1.262727e+00
2.619202e+00
1.013157e+00
7.726305e+00
5.101719e-01
4.774351e-01
1.856978e-02
3.447197e+01
3.185013e+01
2.635680e-02
5.538004e+00
9.531147e-01
1.394715e-03
9.846209e+00
1.420130e-01
8.513766e-03
2.337515e+00
3.051944e-03
1.165592e-01
2.948620e-01
8.075035e+00
2.001603e+01
2.070649e-02
3.359241e-04
3.366798e-01
6.703027e-01
6.083963e-02
4.690295e+01
1.558773e-01
2.410805e+00
1.195946e+01
5.355191e+00
1.048336e-01
1.581796e+03
6.749308e+02
1.201988e+02
3.143291e+03
3.916442e+00
3.525440e+02
4.210698e+03
1.687516e+03
1.210048e+03
6.493034e+01
1.926305e+00
2.743194e+03
1.830649e+03
1.266252e+01
1.127008e+01
9.045236e+02
1.789213e+02
3.652157e+00
1.746710e+02
8.201883e+01
1.960665e-03
1.639193e+03
3.653181e+01
2.757067e+02
5.385548e+02
4.863656e+00
6.088406e+02
1.730291e+00
1.264893e+04
8.798308e-01
2.118510e+01
1.594298e+02
8.649403e+01
3.713404e-03
1.398539e+02
1.203791e+01
2.178166e+00
1.487919e-03
6.003234e+03
1.698053e+03
4.735786e+01
1.020136e+00
4.690048e-02
3.062622e+01
1.157338e+03
4.626522e+01
1.096132e+03
2.715472e+02
1.687658e+01
1.874777e+01
2.907588e+03
1.807628e+02
2.999486e+01
1.474344e+00
1.311920e+02
1.196273e+03
2.014701e-04
9.935224e+01
1.285770e-03
1.871945e-03
2.246870e+00
2.360535e+00
6.284642e+00
1.267979e+03
1.087865e-03
7.142574e+04
2.476840e+01
3.092250e-01
1.043602e-03
2.500905e-04
3.206595e+04
3.258444e-03
8.604547e+02
1.618397e+00
1.068080e+02
2.710611e-01
8.958422e-01
9.055343e+04
2.623997e+03
1.917483e+03
1.179121e+01
2.240013e+01
1.343986e+00
1.502196e+01
1.764425e+02
6.112260e-04
5.450578e-03
5.034299e-04
1.050680e+04
1.216471e+01
1.310155e+03
3.390552e-03
8.191958e+01
6.873965e+01
2.635018e+02
7.200155e-03
5.139590e+00
1.499551e-02
4.101413e-01
1.158410e-01
4.523181e-01
1.979559e-01
9.815272e+01
4.535271e-01
1.512807e-02
5.571589e+00
3.390638e+01
1.379094e+00
6.049444e+01
3.098798e-01
4.439631e-02
1.955920e+01
1.263488e-01
2.094179e+00
1.048022e+00
3.933161e-02
1.534359e+01
1.623451e+00
3.261001e+00
3.486072e+01
1.453924e-01
2.798359e+01
1.132675e+01
4.901375e+00
3.977641e-02
4.105067e-01
7.971501e+00
4.373158e+00
3.990755e-02
1.070058e-01
7.082269e+01
5.654419e+01
7.435270e-01
1.078208e+01
1.650911e+00
7.711193e+00
2.560584e+01
5.588075e+00
