8.278045e-01
1.007349e-01
4.605006e-01
6.658479e-02
3.000779e-02
1.926405e-01
1.372985e+00
1.971357e-01
2.676981e-02
8.746487e+01
1.918155e+01
5.300108e-02
2.054097e+01
8.559775e-02
1.009763e+01
5.867740e-01
3.216997e+00
1.242769e+00
1.951861e+00
1.789271e+00
3.711024e-02
1.572504e+00
1.390753e+01
2.894412e+00
3.602324e+00
9.461655e-01
3.281097e-01
3.206395e-01
8.757073e-01
4.507249e+00
7.397190e+01
6.819532e-01
4.714133e-04
1.112580e+01
1.503467e-03
2.497081e+00
4.214318e-04
2.192983e-03
5.202874e-04
4.895413e-02
1.767786e-03
2.263948e-03
9.995157e-02
5.364237e-03
3.904392e-04
2.674509e+01
1.587658e+00
2.776647e+00
8.153591e+00
4.388082e-01
3.150548e-04
1.054530e-01
7.941541e+00
7.435488e+00
2.255484e-02
2.231379e-02
5.264605e+00
1.171529e-01
4.918213e-03
2.044102e+00
4.070332e-04
1.537323e+01
3.039022e+00
2.006137e+00
1.418834e-03
1.173069e+01
3.395754e-03
2.310580e-01
8.545423e+00
2.413981e-01
3.200262e+00
4.761531e+00
1.031754e+00
1.861811e-01
1.849814e+03
5.347972e+02
3.128985e-04
1.454945e+03
2.910242e-02
2.396784e-02
1.063507e+03
9.362444e-01
2.509144e+04
1.775021e+03
2.642845e+01
1.200171e+04
4.915999e-01
4.720059e+00
1.139685e+03
2.037870e+03
1.710524e+00
3.711402e+04
9.047788e+01
5.879506e-03
1.903803e+02
9.723101e+04
3.358674e+01
3.503668e+04
1.313492e+01
3.298072e+03
3.856056e+00
5.054013e-02
8.621210e+02
5.635166e+00
2.510750e+01
1.134282e+01
6.459758e+02
2.100789e+03
6.879802e+01
1.876158e+04
4.250692e+00
2.492967e+01
4.114837e-01
2.271872e-02
2.025465e+03
3.193532e+01
1.836538e-04
4.810303e-04
1.268537e+01
4.147728e+02
2.036482e+02
4.364120e-01
1.569949e+03
1.147473e+00
2.158567e-02
1.916904e-01
1.037962e-01
8.344176e+02
3.254677e+01
6.530047e+02
2.444823e+02
1.350674e+04
8.804504e+01
1.635677e-01
2.783517e+03
2.984722e+02
1.583365e+02
1.098431e+02
2.239876e+01
4.924455e-01
2.214359e+01
2.376384e-02
5.817836e-02
5.156264e-03
2.543600e+02
9.000323e+03
4.720690e+01
5.990658e-01
1.730895e-03
3.752975e+01
2.432392e-03
3.546097e-01
8.023491e+02
8.303733e+04
1.476580e+02
9.899069e-01
6.531013e+00
9.834264e-04
3.496607e-03
1.020819e+03
3.956607e+03
3.871091e-01
6.530269e-02
1.121136e+03
1.999478e+02
4.756878e+02
1.792618e-02
1.245491e+02
6.611800e+02
1.010045e+01
3.426006e-02
3.157137e+00
1.351520e-01
4.946467e+02
3.655025e-02
1.546780e+02
4.205931e+02
4.093885e+00
1.150420e+00
5.694639e+01
9.472031e-01
4.183713e-02
9.566398e+00
6.230146e-01
1.012775e+00
1.938508e-01
7.407552e+00
2.958142e+01
1.646820e+01
1.163824e+00
7.935315e-02
1.351641e+01
3.603839e-01
2.206467e-01
2.226597e-01
2.028715e-01
6.302276e-02
3.285580e-02
2.676609e+00
2.237303e-02
3.724703e-01
3.448860e+00
4.476898e+00
6.045349e-02
1.269340e-01
1.169923e+00
1.932453e+00
8.446799e-02
2.518545e+00
6.332689e+01
1.521799e-02
2.594105e-02
1.762520e+00
5.611507e-01
6.926952e+00
1.817624e-01
1.661949e-01
2.311629e+00
4.312817e+01
4.251116e+00
4.416458e+01
