8.650707e-01
1.045786e-01
1.005525e-02
6.525459e-02
2.456076e-02
2.090204e-01
1.353307e+00
1.896738e-01
2.505189e-02
7.229585e+01
1.455252e+01
5.497412e-02
2.186253e+01
8.342351e-02
8.517716e+00
5.822533e-01
3.073715e+00
1.210608e+00
1.878103e+00
1.846821e+00
3.439715e-02
1.432294e+00
1.751944e+01
1.575190e+00
2.744011e+00
8.708817e-01
3.240361e-01
3.289926e-01
8.763962e-01
4.162476e+00
3.509589e+01
6.656317e-01
3.308676e-04
6.146538e+00
1.622412e-03
2.339956e+00
4.738126e-04
2.016681e-03
2.406566e-04
4.600584e-02
1.929946e-03
2.503183e-03
9.766486e-02
1.508146e-01
4.446324e-04
2.567828e+01
1.416377e+00
2.821625e+00
8.309927e+00
3.341080e-01
5.745881e-04
1.023914e-01
1.031006e+01
8.305636e+00
1.991869e-02
2.398961e-02
4.886724e+00
1.228445e-01
4.832278e-03
2.552286e+00
2.339061e-04
1.958269e+01
4.648144e+00
1.665713e+00
1.571150e-03
5.534991e+00
3.417321e-03
1.450305e-01
8.428754e+00
2.907317e-01
3.116661e+00
3.834047e+00
1.149974e+00
1.690790e-01
7.571077e+02
3.568302e+02
1.008420e+01
3.418204e+03
1.775184e-02
3.630873e-02
9.652083e+02
1.122466e+00
3.474302e+04
1.867635e+03
1.723326e+01
1.364215e+04
7.786106e-01
4.955348e+00
1.284336e+03
1.823324e+03
1.743095e+00
5.231890e+04
1.008012e+02
4.938181e-03
1.780632e+02
9.664647e+04
2.998883e+01
6.444285e+04
1.302414e+01
2.693322e+03
4.014184e+00
4.571255e-02
1.011911e+03
5.480192e+00
2.427074e+01
1.026646e+01
8.350260e+02
2.866732e-01
7.913824e+01
5.722104e+03
4.538740e+00
2.716962e+01
5.302489e-01
2.482263e-02
2.228693e+02
2.584299e+01
1.806131e-04
4.710371e-04
1.395652e+01
3.616219e+02
2.340912e+02
6.752291e+02
1.705724e+03
1.653679e+00
2.222939e-02
2.482081e-01
9.106404e-02
6.800373e+02
2.002454e+01
7.354750e+02
2.263994e+02
1.502156e+04
8.059426e+01
1.253303e-01
3.215453e+03
2.441716e+02
1.773240e+02
7.996731e+01
2.142260e+01
4.888661e-01
2.251928e+01
2.405154e-02
5.102831e-02
5.985515e-03
2.662571e+02
6.198344e+03
5.433935e+01
6.159466e-01
7.201110e-04
3.255925e+01
2.486598e-03
3.531088e-01
7.078399e+02
9.269495e+04
1.661567e+02
9.599900e-01
6.391704e+00
9.579773e-04
6.387101e-03
4.817222e+02
4.198898e+03
6.142086e-01
6.789049e-02
1.144826e+03
2.003462e+02
4.720923e+02
1.676655e-02
1.907870e+02
7.735676e+02
1.031087e+01
3.321408e-02
2.885997e+00
1.322044e-01
5.967817e+02
5.877855e-01
1.466323e+02
5.045564e+02
3.793075e+00
1.656042e+00
5.821365e+01
9.817197e-01
4.340059e-02
1.021558e+01
6.371016e-01
1.096877e+00
1.816661e-01
6.870501e+00
2.599104e+01
1.554712e+01
1.787403e+00
8.486956e-02
1.037209e+01
3.328263e-01
2.273907e-01
9.574906e-02
5.675026e-02
5.639442e-02
3.272392e-02
2.739566e+00
1.950700e-02
3.607966e-01
3.307345e+00
4.416900e+00
6.125360e-02
7.508001e-02
1.156971e+00
2.200049e+00
1.243731e-01
2.433134e+00
9.722209e+01
1.001412e-02
2.412118e-02
1.653320e+00
5.000384e-01
7.013419e+00
1.730119e-01
1.679968e-01
1.836735e+00
6.473151e+01
4.265027e+00
4.546087e+01
