8.945552e-01
1.044063e-01
1.000358e-02
6.695486e-02
3.015252e-02
2.095819e-01
1.413816e+00
1.819886e-01
2.708985e-02
7.113257e+01
1.893293e+01
5.418476e-02
2.138065e+01
8.377370e-02
8.893987e+00
5.707542e-01
3.154012e+00
1.217818e+00
1.916147e+00
1.795020e+00
3.342112e-02
1.595900e+00
1.400023e+01
2.860133e+00
3.451469e+00
8.747462e-01
3.239458e-01
3.325750e-01
8.711903e-01
4.323619e+00
7.558125e+01
6.965941e-01
3.337772e-04
4.101755e+00
1.552410e-03
2.451354e+00
4.116326e-04
1.986146e-03
5.440551e-04
4.699221e-02
1.860427e-03
2.436912e-03
1.013112e-01
5.733611e-03
4.397754e-04
2.816276e+01
1.355074e+00
2.774915e+00
8.254750e+00
4.381297e-01
5.709966e-04
1.053275e-01
9.213994e+00
8.098310e+00
2.138937e-02
2.327648e-02
4.912735e+00
1.240851e-01
5.060007e-03
2.383591e+00
4.222578e-04
2.050743e+01
3.092059e+00
2.036971e+00
1.739058e-03
5.855815e+00
3.408143e-03
2.316952e-01
8.820138e+00
2.831326e-01
3.046415e+00
5.273532e+00
1.027587e+00
1.756709e-01
1.869895e+03
3.531935e+02
5.675526e+00
1.546088e+03
3.741801e-02
2.236300e-02
1.006959e+03
9.484788e-01
3.140163e+04
1.797752e+03
1.995249e+01
1.176309e+04
5.043940e-01
5.025681e+00
1.266924e+03
1.916072e+03
1.695142e+00
4.023064e+04
9.386789e+01
4.844862e-03
1.900889e+02
9.663274e+04
3.185185e+01
5.110745e+04
1.314475e+01
2.725681e+03
3.865667e+00
4.864112e-02
8.491002e+02
5.464044e+00
2.425644e+01
1.086378e+01
6.381555e+02
2.398342e-01
6.909470e+01
1.654062e+04
4.233770e+00
2.761199e+01
5.294833e-01
2.219527e-02
2.607390e+02
3.092245e+01
1.412065e-04
4.929604e-04
1.320409e+01
4.197862e+02
2.053882e+02
5.785735e+02
1.646545e+03
1.131426e+00
2.238794e-02
2.160978e-01
1.064468e-01
8.481931e+02
3.253837e+01
6.670630e+02
2.442747e+02
1.528694e+04
8.943258e+01
1.993828e-01
2.935630e+03
3.261363e+02
1.688818e+02
1.033520e+02
2.208762e+01
4.935644e-01
2.474224e+01
2.370146e-02
5.534841e-02
5.300142e-03
2.562830e+02
6.683174e+03
4.758023e+01
5.979682e-01
5.871557e-04
3.487667e+01
2.499328e-03
3.552033e-01
8.004996e+02
9.286566e+04
1.554641e+02
1.015153e+00
6.474216e+00
8.986999e-04
5.026348e-03
2.941259e+02
4.027705e+03
6.492250e-01
6.332136e-02
1.098895e+03
1.950036e+02
4.700197e+02
1.750082e-02
1.686277e+02
8.163078e+02
1.020499e+01
3.436462e-02
2.863405e+00
1.255516e-01
6.005399e+02
5.355896e-01
1.513518e+02
4.204001e+02
5.352447e+00
1.252264e+00
5.695912e+01
8.431228e-01
4.127579e-02
9.781978e+00
6.405877e-01
1.046696e+00
1.833078e-01
7.185051e+00
2.746097e+01
1.633329e+01
1.814606e+00
7.919355e-02
1.055403e+01
3.338635e-01
2.332484e-01
2.249174e-01
2.062428e-01
5.534906e-02
3.368008e-02
2.680474e+00
2.145132e-02
3.659831e-01
3.409519e+00
4.495234e+00
5.940034e-02
9.071775e-02
1.159867e+00
2.056812e+00
8.118999e-02
2.615620e+00
7.792269e+01
1.484066e-02
2.489022e-02
1.742247e+00
5.379786e-01
6.988909e+00
1.840314e-01
1.594128e-01
2.279369e+00
6.005781e+01
4.252272e+00
4.578548e+01
