6.893829e+01
1.016423e-01
3.796812e-02
7.257545e-02
2.517427e-02
1.757022e-01
9.076433e-01
1.938604e-01
1.010516e-02
6.411818e-01
1.660584e+01
3.786528e-02
1.651660e+01
1.137131e-01
8.580665e+00
6.132073e-01
2.969459e+00
1.154072e+00
2.320656e+00
1.900911e+00
3.568159e-02
1.536225e+00
1.915481e+01
1.745016e+00
2.110562e+00
7.872270e-01
3.104328e-01
3.218356e-01
8.324101e-01
4.214641e+00
1.069687e+01
9.797432e-01
2.638685e-04
6.091084e+00
1.309839e-03
8.757217e-01
6.517484e-04
2.187171e-03
3.058750e-04
2.799097e-02
1.534456e-03
2.004677e-03
9.449723e-02
1.296408e+00
4.043171e-04
3.300712e+01
2.312011e+00
3.302052e+00
7.337658e+00
3.335187e-01
4.191346e-04
9.055868e-02
9.642841e+00
8.145245e+00
6.718978e-02
2.287194e-02
6.008418e+00
1.178045e-01
3.097243e-03
4.208854e+00
9.588863e-04
1.322456e+01
4.913992e+00
1.380553e+00
1.747973e-03
5.010010e+00
4.140602e-03
1.438359e-01
9.001324e+00
5.180681e+00
5.436971e+00
3.529904e+00
1.188343e+00
1.460347e-01
6.652026e+02
7.332738e+02
1.085148e+01
3.724005e+03
1.643920e-02
3.697454e-02
1.134748e+03
8.263163e-01
6.975665e+04
1.850695e+03
1.429425e+01
6.301616e+04
7.818152e-01
6.485642e+00
1.184083e+03
9.547842e+02
5.510731e+00
2.987196e+04
9.322875e+01
5.395287e-03
1.534004e+02
9.665473e+04
2.453821e+01
6.471671e+04
9.437127e+00
2.827474e+03
4.323524e+00
2.818811e-02
1.121339e+03
5.147746e+00
2.706528e+01
7.733079e+00
6.528663e+02
3.770396e-01
8.373418e+01
5.624566e+03
4.651339e+00
2.603560e+01
5.490509e-01
4.633072e-02
2.506339e+02
1.912729e+01
5.331284e-03
9.568585e-04
2.044096e+01
3.673320e+02
1.537765e+03
1.017562e+03
6.560580e+02
1.720325e+00
6.743102e-02
2.369906e-01
1.069369e-01
9.080896e+02
2.053102e+01
7.370967e+02
2.447896e+02
1.434548e+04
7.884445e+01
1.373677e-01
3.750635e+02
1.899145e+02
1.370072e+02
2.334823e-01
1.621212e+00
5.649871e-01
2.172386e+01
2.023519e-02
4.338897e-02
4.308915e-03
2.232342e+02
5.638883e+03
6.168062e+01
7.237520e-01
4.087222e-04
2.724728e+01
1.348605e-03
2.445682e-01
4.142647e+02
7.222800e+04
2.072016e+02
7.410405e-01
8.083928e+00
4.542826e-04
5.926745e-03
4.525697e+02
5.462494e+03
6.577674e-01
3.892688e-02
1.757646e+03
3.837958e+02
4.427615e+02
3.228565e-02
2.234606e+02
6.531374e+02
7.941975e+00
3.166141e-02
3.345418e+00
3.018845e-01
6.643720e+02
6.832891e-01
1.336132e+02
2.008821e+02
4.494041e+00
1.388204e+00
4.823689e+01
9.780843e-01
4.765772e-02
1.069853e+01
6.611618e-01
1.643476e-01
1.885818e-01
6.462773e+00
1.672403e+01
1.463042e+01
2.786407e+00
8.278736e-02
1.049032e+01
3.603474e-01
2.056565e-01
9.141977e-02
4.516150e-02
5.456540e-01
3.240004e-02
1.835872e+00
2.245301e-02
3.685154e-01
3.393316e+00
5.651491e+00
6.201360e-02
5.334215e-02
1.416638e+00
2.213724e+00
5.206876e-02
2.368644e+00
9.556029e+01
1.041184e-02
2.151178e-02
1.735651e+00
5.124092e-01
6.258509e+00
1.917207e-01
1.877068e-01
1.630349e-01
9.576108e+01
6.019409e+00
3.455791e+01
