5.622554e+01
1.011956e-01
3.835087e-02
8.086848e-02
2.429399e-02
1.737520e-01
9.086989e-01
1.941151e-01
1.021132e-02
6.194473e-01
1.678175e+01
5.260004e-02
1.692979e+01
1.250790e-01
8.586948e+00
6.172787e-01
3.031186e+00
1.131504e+00
2.307785e+00
1.897623e+00
3.600799e-02
1.373075e+00
1.923987e+01
1.755459e+00
1.966346e+00
7.941691e-01
3.665871e-01
3.265928e-01
8.156662e-01
4.220354e+00
1.069451e+01
8.615602e-01
2.633839e-04
6.474171e+00
1.358183e-03
8.879427e-01
8.836685e-04
2.123884e-03
2.272949e-04
3.260056e-02
1.570021e-03
1.996984e-03
9.314500e-02
1.200863e+00
3.976306e-04
3.076664e+01
2.347587e+00
3.326001e+00
7.400567e+00
3.307491e-01
3.915842e-04
9.523969e-02
9.893492e+00
8.232240e+00
6.633249e-02
2.286145e-02
6.066971e+00
1.140458e-01
3.138584e-03
4.027798e+00
9.426773e-04
1.267486e+01
4.943835e+00
1.330270e+00
1.727437e-03
4.683438e+00
4.472741e-03
1.423671e-01
8.921860e+00
5.698026e+00
2.592063e+00
3.514750e+00
1.087492e+00
1.464077e-01
6.559162e+02
7.495435e+02
1.118349e+01
3.647600e+03
1.630754e-02
4.809825e-02
9.710163e+02
8.139775e-01
5.507993e+04
1.812489e+03
1.449046e+01
5.323055e+04
7.277077e-01
6.615818e+00
1.197157e+03
9.426194e+02
6.998331e+00
3.285325e+04
9.331238e+01
5.235881e-03
1.538322e+02
9.573416e+04
2.978436e+01
2.895818e+04
9.698947e+00
2.904046e+03
4.383469e+00
4.568945e-02
9.557830e+02
5.160417e+00
2.695281e+01
7.874821e+00
6.613214e+02
3.811497e-01
8.377168e+01
5.576189e+03
4.648846e+00
2.598691e+01
5.516580e-01
5.479366e-02
2.503614e+02
1.884189e+01
4.099182e-04
9.847994e-04
2.053147e+01
4.191798e+02
1.221359e+03
1.034476e+03
6.740694e+02
1.709665e+00
6.967123e-02
2.496490e-01
1.140871e-01
9.078814e+02
2.041203e+01
8.892851e+02
2.643408e+02
1.412367e+04
7.781673e+01
1.376467e-01
3.729186e+02
1.883986e+02
1.340577e+02
1.961471e-01
1.477015e+00
5.572348e-01
2.171043e+01
2.482569e-02
4.241963e-02
4.147076e-03
2.356632e+02
5.621171e+03
5.618660e+01
7.538947e-01
6.608174e-04
2.715338e+01
1.345412e-03
2.344451e-01
8.558650e+02
9.265611e+04
1.518823e+02
7.791166e-01
6.395703e+00
1.734751e-04
5.851241e-03
4.241958e+02
5.817540e+03
6.789640e-01
5.732026e-02
1.270860e+03
3.686662e+02
4.427967e+02
2.779148e-02
2.266579e+02
6.560481e+02
7.887016e+00
3.256111e-02
3.497283e+00
3.083433e-01
6.517900e+02
6.729375e-01
1.326367e+02
2.186399e+02
4.425769e+00
1.413210e+00
5.343513e+01
9.747449e-01
4.849629e-02
1.087023e+01
6.847779e-01
1.766254e-01
1.889820e-01
6.428735e+00
1.661325e+01
1.409467e+01
2.766346e+00
8.264220e-02
1.035593e+01
3.521241e-01
1.887228e-01
9.550592e-02
5.673597e-02
5.552726e-01
3.163077e-02
1.888496e+00
2.155178e-02
3.525644e-01
3.324613e+00
3.985324e+00
6.360955e-02
5.291822e-02
1.052790e+00
2.222034e+00
5.163898e-02
2.418809e+00
9.637272e+01
1.072364e-02
2.107971e-02
1.749474e+00
5.417245e-01
6.309578e+00
1.896932e-01
1.863838e-01
1.793387e+00
7.608985e+01
5.986646e+00
4.251989e+01
