7.968396e-01
1.089460e-01
4.585312e-01
6.340372e-02
2.633197e-02
1.834699e-01
1.397232e+00
2.222740e-01
2.659585e-02
8.208680e+01
1.701501e+01
4.039644e-02
1.902480e+01
8.294732e-02
9.915059e+00
5.489476e-01
3.203179e+00
4.804389e+01
1.590696e+00
1.685278e+00
3.548769e-02
1.597134e+00
1.450910e+01
3.072630e+00
3.650530e+00
9.287034e-01
2.852178e-01
3.147939e-01
7.938662e-01
4.359851e+00
6.809662e+01
6.957893e-01
5.263960e-04
1.152712e+01
1.476190e-03
2.458197e+00
4.168924e-04
2.115203e-03
5.932473e-04
4.713677e-02
1.949643e-03
2.605455e-03
1.035209e-01
4.974856e+01
3.689188e-04
2.646665e+01
1.406199e+00
2.747798e+00
8.623055e+00
4.883908e-01
3.168912e-04
9.575751e-02
8.437385e+00
6.785703e+00
2.297006e-02
2.229320e-02
5.381661e+00
1.453055e-01
4.941700e-03
1.961114e+00
4.079239e-04
2.031671e+01
2.904194e+00
1.998292e+00
1.322481e-03
1.152705e+01
3.540707e-03
2.257666e-01
7.931132e+00
2.462167e-01
3.593338e+00
4.942479e+00
1.004730e+00
1.888876e-01
2.578825e+03
5.434850e+02
5.001637e-04
1.427993e+03
3.063339e-02
2.383223e-02
1.001445e+03
9.273927e-01
4.923638e+04
2.028247e+03
3.341678e+01
1.448407e+04
4.742428e-01
4.509661e+00
1.202903e+03
2.013909e+03
1.925622e+00
3.701500e+04
9.373491e+01
6.620032e-03
1.762410e+02
9.711369e+04
3.364285e+01
3.167413e+04
1.306453e+01
3.357755e+03
3.713072e+00
4.376214e-02
1.001984e+03
4.553658e+00
2.629936e+01
1.249651e+01
4.439574e+02
2.051185e+03
7.048327e+01
1.872942e+04
4.427972e+00
2.459434e+01
4.980883e-01
2.213142e-02
2.420779e+03
3.397416e+01
1.063050e-04
4.471531e-04
1.454975e+01
4.411245e+02
2.235934e+02
4.007664e-01
1.121762e+03
1.176189e+00
1.871270e-02
1.925860e-01
1.100239e-01
6.620009e+02
3.241767e+01
6.531633e+02
2.470336e+02
1.042401e+04
8.535859e+01
1.658520e-01
2.656190e+03
3.145626e+02
1.572269e+02
1.811543e+02
2.654141e+01
4.574138e-01
2.301535e+01
2.687913e-02
3.100855e-02
5.389815e-03
2.728883e+02
5.319783e+04
4.764113e+01
4.531727e-01
1.998627e-03
4.266870e+01
3.316869e-03
4.544972e-01
7.711107e+02
9.340953e+04
1.425155e+02
1.010538e+00
6.897832e+00
2.444717e-04
2.897121e-03
1.046322e+03
2.725883e+03
3.160447e-01
7.389195e-02
1.094913e+03
3.535882e+02
5.021501e+02
1.752210e-02
1.233323e+02
6.128438e+02
9.217028e+00
3.755322e-02
3.358006e+00
1.574749e-01
3.396328e+02
3.733426e-02
1.548859e+02
4.248209e+02
4.281983e+00
1.212447e+00
5.637074e+01
5.921058e-01
4.175326e-02
9.610443e+00
6.318962e-01
1.203617e+00
1.971007e-01
8.261103e+00
2.975564e+01
1.459872e+01
1.184743e+00
7.912546e-02
1.336153e+01
3.355539e-01
2.245135e-01
2.177537e-01
2.080311e-01
6.399765e-02
3.700594e-02
2.595679e+00
2.129817e-02
3.776056e-01
3.421816e+00
5.861004e+00
5.791453e-02
1.405833e-01
1.188526e+00
2.011673e+00
8.522764e-02
2.574025e+00
5.525964e+01
1.574637e-02
2.446245e-02
1.391172e+00
5.718012e-01
6.987895e+00
1.939653e-01
1.527147e-01
2.707918e+00
3.491412e+01
4.216830e+00
4.415830e+01
