8.694290e-01
1.030038e-01
1.018330e-02
6.419300e-02
2.420507e-02
2.093572e-01
1.404679e+00
1.868930e-01
2.525853e-02
7.080099e+01
1.448423e+01
5.385889e-02
2.197994e+01
8.221940e-02
8.470514e+00
5.847618e-01
3.076815e+00
1.223757e+00
1.883800e+00
1.814236e+00
3.302824e-02
1.418854e+00
1.804610e+01
2.949160e+00
2.738999e+00
8.698043e-01
3.208555e-01
3.282600e-01
8.746336e-01
4.299795e+00
6.974705e+01
6.834809e-01
3.152678e-04
6.243934e+00
1.589298e-03
2.287148e+00
4.697921e-04
1.980108e-03
2.637714e-04
4.711159e-02
2.038931e-03
2.535634e-03
9.861860e-02
3.932474e-02
4.427958e-04
2.584306e+01
1.411927e+00
2.835564e+00
8.393712e+00
3.699437e-01
5.944107e-04
1.057358e-01
8.767360e+00
7.943390e+00
1.981647e-02
2.364108e-02
4.872099e+00
1.224034e-01
4.763438e-03
2.432613e+00
2.349844e-04
1.936843e+01
4.722812e+00
1.921203e+00
1.603263e-03
5.869025e+00
3.422536e-03
1.995394e-01
8.679177e+00
2.909136e-01
3.121277e+00
3.658174e+00
1.075522e+00
1.669454e-01
7.636979e+02
3.599942e+02
9.934304e+00
3.336498e+03
2.003091e-02
3.357192e-02
9.870386e+02
9.549683e-01
3.558710e+04
1.856242e+03
1.731660e+01
1.352681e+04
7.777429e-01
4.697678e+00
1.279629e+03
1.912801e+03
1.737678e+00
5.083367e+04
1.006571e+02
4.835158e-03
1.762980e+02
8.684184e+04
3.222253e+01
5.172248e+04
1.302608e+01
2.735634e+03
3.933221e+00
4.752103e-02
1.045370e+03
5.372539e+00
2.420161e+01
1.022108e+01
8.458948e+02
2.714250e-01
8.104992e+01
4.672489e+03
4.443141e+00
2.798025e+01
5.151521e-01
2.479951e-02
2.245024e+02
2.856550e+01
1.557789e-04
4.928972e-04
1.373717e+01
3.715675e+02
2.288497e+02
6.795949e+02
1.691755e+03
1.262848e+00
2.420964e-02
2.376682e-01
9.923148e-02
6.092724e+02
2.005429e+01
6.989426e+02
2.277743e+02
1.500969e+04
8.191459e+01
2.228705e-01
3.217481e+03
2.435854e+02
1.708798e+02
8.788268e+01
2.156464e+01
4.950838e-01
2.255034e+01
2.382104e-02
5.109987e-02
6.245964e-03
2.632683e+02
6.215209e+03
4.965661e+01
6.281783e-01
5.749759e-04
3.356690e+01
2.496520e-03
3.487489e-01
7.453330e+02
9.177666e+04
1.570916e+02
9.488832e-01
6.446590e+00
9.294125e-04
5.384738e-03
3.204673e+02
3.924534e+03
6.474237e-01
6.520691e-02
1.147413e+03
1.937303e+02
4.688691e+02
1.680270e-02
1.905922e+02
7.254335e+02
1.011544e+01
3.408639e-02
2.864761e+00
1.240436e-01
5.970316e+02
5.139253e-01
1.494705e+02
4.356171e+02
5.207778e+00
1.644587e+00
5.833845e+01
9.621421e-01
4.271430e-02
9.186433e+00
6.382714e-01
1.095131e+00
1.812753e-01
6.919138e+00
2.601699e+01
1.543377e+01
1.814586e+00
8.216061e-02
1.036596e+01
3.268606e-01
2.285939e-01
1.028227e-01
2.113281e-01
5.652968e-02
3.212140e-02
2.655599e+00
2.152949e-02
3.641403e-01
3.372387e+00
4.421365e+00
6.060022e-02
9.089338e-02
1.162769e+00
2.164141e+00
8.355149e-02
2.489531e+00
9.558580e+01
1.098305e-02
2.456135e-02
1.704241e+00
5.373105e-01
6.895337e+00
1.844418e-01
1.620622e-01
2.242914e+00
5.934268e+01
4.273044e+00
4.551995e+01
