7.490149e+01
1.009004e-01
2.579269e-02
7.259428e-02
2.528115e-02
1.737066e-01
9.018181e-01
1.948641e-01
1.018700e-02
6.380148e-01
1.136712e+01
3.755578e-02
1.758714e+01
1.130385e-01
8.854344e+00
5.931744e-01
3.461350e+00
1.157540e+00
2.299913e+00
1.899970e+00
3.555824e-02
1.534195e+00
1.904193e+01
1.747038e+00
2.082823e+00
7.942186e-01
3.048696e-01
3.201393e-01
8.086756e-01
4.221328e+00
1.155153e+01
1.020274e+00
2.575508e-04
5.189126e+00
1.331430e-03
8.779925e-01
6.568876e-04
2.186148e-03
3.057629e-04
2.804636e-02
1.669769e-03
1.965356e-03
1.433040e-01
1.291466e+00
3.925460e-04
3.375448e+01
2.334151e+00
3.271684e+00
7.315969e+00
3.349127e-01
4.590861e-04
9.142023e-02
1.014894e+01
8.243866e+00
6.729971e-02
2.250910e-02
6.004827e+00
1.196961e-01
3.148702e-03
4.198714e+00
9.658639e-04
1.494389e+01
5.088149e+00
1.393751e+00
1.744862e-03
5.165250e+00
4.130471e-03
1.456474e-01
8.994719e+00
5.155238e+00
5.690892e+00
3.850290e+00
1.184265e+00
1.450062e-01
6.667591e+02
5.025426e+02
1.104543e+01
3.317367e+03
1.678414e-02
3.669836e-02
1.222762e+03
9.217878e-01
6.578010e+04
1.868374e+03
1.378460e+01
6.172350e+04
7.814522e-01
6.577800e+00
1.175209e+03
9.457553e+02
5.352922e+00
2.983549e+04
9.334668e+01
6.104048e-03
1.527115e+02
9.687145e+04
2.458034e+01
6.273375e+04
9.482386e+00
2.856394e+03
4.359435e+00
2.829222e-02
9.281209e+02
5.790231e+00
2.713728e+01
7.613621e+00
6.483021e+02
3.025863e-01
8.421126e+01
5.622310e+03
4.634533e+00
2.508118e+01
5.401582e-01
4.591319e-02
2.409211e+02
1.919858e+01
5.342348e-03
9.457668e-04
2.044334e+01
3.613615e+02
1.571306e+03
1.008847e+03
6.035555e+02
1.762282e+00
6.772564e-02
2.511151e-01
1.111616e-01
9.078988e+02
1.868440e+01
7.784994e+02
2.484802e+02
1.232078e+04
7.963799e+01
1.377405e-01
3.764026e+02
1.896088e+02
1.373173e+02
2.333367e-01
1.620679e+00
5.589615e-01
2.173169e+01
2.009050e-02
4.345990e-02
4.492548e-03
2.234856e+02
5.603671e+03
6.030585e+01
6.938934e-01
4.358646e-04
2.718322e+01
1.343557e-03
2.442720e-01
4.182614e+02
8.904771e+04
2.116202e+02
7.392164e-01
7.334304e+00
4.475896e-04
5.986641e-03
4.455697e+02
5.463126e+03
6.582317e-01
3.885712e-02
1.778078e+03
3.873125e+02
4.409543e+02
3.149958e-02
2.237308e+02
6.507861e+02
8.075277e+00
3.147924e-02
3.300889e+00
3.053978e-01
6.662845e+02
6.692476e-01
1.327161e+02
2.001462e+02
4.506228e+00
1.334592e+00
4.927542e+01
9.880703e-01
4.801307e-02
1.054686e+01
6.603854e-01
1.643383e-01
1.882387e-01
6.452168e+00
1.827159e+01
1.502740e+01
2.835038e+00
8.330762e-02
1.051731e+01
3.608971e-01
2.062828e-01
8.980399e-02
4.569555e-02
5.434981e-01
3.255191e-02
1.817293e+00
2.160486e-02
3.693496e-01
4.071349e+00
6.031608e+00
6.235880e-02
5.368352e-02
1.418584e+00
2.222906e+00
5.170452e-02
2.103528e+00
9.550136e+01
1.000565e-02
2.263729e-02
1.733015e+00
4.899260e-01
6.255193e+00
1.920022e-01
1.817618e-01
1.634015e-01
9.602974e+01
6.025906e+00
3.449365e+01
