1.621369e-01
2.029020e-01
6.464865e-01
1.220258e+01
1.498579e-02
6.312286e-02
1.417277e-02
6.955476e+00
1.369544e+00
8.447466e-01
1.239784e-01
1.356944e-01
9.259421e+01
5.964539e+01
1.401663e+01
7.062203e+01
2.147514e+00
8.367973e+01
2.493332e+00
3.648176e+00
4.773058e-02
1.512161e-02
4.047929e+01
9.303384e+00
2.726469e+01
1.252812e-01
1.739678e-01
1.752064e+01
1.855829e+00
6.163806e+00
1.351368e-04
1.451546e-01
5.016233e-01
3.162993e+00
6.715339e-01
2.374787e-01
4.121043e-04
1.012075e-03
2.273940e-03
1.538689e-01
3.240786e+00
1.223337e-04
4.140622e-03
5.543055e+00
1.052448e-03
7.273836e-04
3.959950e+00
3.344007e-01
3.966937e-04
1.224641e+00
5.298063e-04
1.893249e-02
1.050666e+01
1.242957e+01
1.251870e-02
1.075200e-01
1.874066e-02
1.321844e-02
6.907913e+01
7.638679e+01
5.742349e+01
3.879806e+00
1.267430e+01
3.844591e-03
1.899550e-01
1.299878e+01
4.564124e-04
1.026925e+01
2.539324e+00
7.527752e-01
1.946808e+01
1.135649e+00
4.710942e+00
6.776945e+01
7.579118e+01
4.683959e-04
3.109855e-04
5.832258e+03
4.864727e+04
1.237012e-01
6.582719e+00
4.589544e+00
3.209478e+01
5.203228e+01
2.348633e-01
9.918453e+03
3.396455e+04
9.467241e-01
4.481436e+02
5.124416e+01
8.970052e+03
4.522576e+02
1.786780e+00
7.654529e-02
1.232079e+02
5.712169e+02
3.524516e+02
9.174261e+04
2.168026e+01
2.481792e+03
1.212587e+01
2.463687e+04
5.829137e+03
6.943032e+03
1.020158e+00
2.169770e+03
6.383812e+02
2.072992e+04
1.069181e+00
5.276087e-03
6.299633e+00
1.174001e+01
2.325426e-02
5.718432e-04
4.111675e+02
1.310207e-01
1.576184e+03
6.733251e-04
3.203626e+01
1.102047e+01
1.418012e-02
4.170153e+01
9.239473e+03
5.671810e-01
1.808402e-04
3.212060e-03
2.867102e-01
1.977004e+04
5.370197e+01
3.073615e-03
4.795451e+01
3.393050e+02
3.194148e+02
3.302283e+04
5.854449e+03
3.744644e+00
1.767359e+03
5.268312e-01
1.538792e+01
2.022797e-01
9.927665e+00
9.293666e-03
7.295199e-02
2.558551e-04
3.450252e+02
2.840854e+01
7.518988e+02
5.245278e-01
4.005396e-04
5.121914e+03
5.047995e-03
3.269316e-01
1.082273e+03
4.366869e+04
2.765328e+01
3.064896e-02
4.959240e+01
1.383052e+03
1.266832e+01
4.080890e-04
5.962567e+04
1.872402e-04
1.637323e+03
5.427366e+00
2.201834e+03
1.103374e+00
1.892004e+01
1.509854e+02
7.786090e+04
1.384617e+02
1.221713e-04
3.851408e+00
1.099376e+03
5.097886e+01
7.032311e-02
3.127546e+01
2.141293e+03
6.492838e+01
2.500013e+02
1.459451e+03
1.072348e-01
1.876530e-04
2.331996e+00
3.462052e+00
2.754309e-01
2.336313e-01
2.911636e+00
3.920131e+01
7.314486e+00
1.146330e+00
2.163981e-01
6.674933e+01
1.629921e-01
1.952142e-01
2.663569e-01
3.827939e-01
3.078322e+00
1.729061e-02
8.995628e+01
3.531166e-02
2.503707e+00
8.326623e-02
6.834758e+00
6.124440e-02
3.292349e+01
4.690677e+00
1.063869e-02
2.337237e-01
8.552123e+01
2.141680e+01
3.192278e-01
2.735650e-02
6.388474e-01
8.190306e-02
7.752714e+00
4.985915e-01
1.214557e-02
2.965683e+00
7.604039e+01
9.945413e+00
3.267364e+02
