6.198385e+01
1.025937e-01
2.386486e-02
7.117283e-02
3.074612e-02
1.684065e-01
6.089378e-01
1.862873e-01
1.024249e-02
6.914614e-01
1.149416e+01
3.665079e-02
1.764535e+01
1.148217e-01
8.870441e+00
5.696810e-01
3.575267e+00
1.157671e+00
2.262276e+00
1.962238e+00
3.403343e-02
2.341522e+00
2.004941e+01
1.590404e+00
2.995670e+00
8.029183e-01
2.991462e-01
3.152465e-01
8.297263e-01
4.477101e+00
1.371141e+01
8.314747e-01
3.209806e-04
5.108044e+00
1.385234e-03
8.449317e-01
6.442881e-04
2.036833e-03
4.869808e-04
3.120837e-02
2.408140e-02
2.434650e-03
1.346025e-01
1.351885e+00
9.214219e-03
3.004399e+01
1.956086e+00
3.879533e+00
6.813904e+00
5.433606e-01
6.454150e-04
8.775513e-02
9.550425e+00
7.504877e+00
5.652443e-02
1.285176e-02
5.577141e+00
1.168209e-01
5.869239e-04
3.477390e+00
9.022753e-04
1.546612e+01
4.480554e+00
2.482973e+00
1.641646e-03
3.200347e+00
5.050986e-03
1.208029e-01
1.023262e+01
4.322851e+00
5.756517e+00
3.880532e+00
1.214025e+00
1.455329e-01
6.705306e+02
3.156932e+02
1.657199e+01
3.296262e+03
1.637293e-02
2.573300e-02
1.494822e+03
8.035996e+00
9.404865e+04
1.786365e+04
1.296950e+01
3.709621e+04
7.076366e-01
6.452596e+00
1.118858e+03
9.744342e+02
5.227054e+00
2.901498e+04
9.170316e+01
5.862927e-03
1.614012e+02
9.729541e+04
2.105674e+01
6.852656e+04
7.773642e+00
4.774092e+03
3.679139e+00
2.835603e-02
8.118846e+02
5.623042e+00
2.724909e+01
7.643344e+00
6.818839e+02
7.950346e-01
8.356893e+01
6.976450e+03
5.027447e+00
2.508824e+01
4.720525e-01
3.220573e-02
2.316901e+02
1.727294e+01
1.073036e-02
1.028935e-03
2.077932e+01
2.915430e+02
1.507112e+03
1.252550e+03
5.383736e+02
1.836642e+00
7.285413e-02
2.871882e-01
1.256337e-01
5.524131e+02
8.888848e+02
7.329584e+02
2.497451e+02
6.793513e+03
7.854645e+01
1.371880e-01
3.893280e+02
1.964953e+02
1.317412e+02
3.135550e-01
1.774808e+00
8.112575e-01
2.126300e+01
1.960844e-02
5.182806e-02
4.241995e-03
2.010403e+02
3.511956e+03
6.598430e+01
5.348588e-01
5.978298e-04
2.750813e+01
1.151833e-03
2.425466e-01
3.584643e+02
9.266664e+04
2.113761e+02
7.431200e-01
7.472317e+00
4.358920e-04
9.122484e-03
4.295741e+02
4.650000e+03
8.020299e-01
7.544550e-02
1.656552e+03
3.069017e+02
4.184601e+02
2.370525e-02
2.325970e+02
6.484380e+02
8.571639e+00
2.787293e-02
3.130173e+00
2.658825e-01
6.786704e+02
6.630022e-01
1.337625e+02
2.049175e+02
4.196925e+00
1.240096e+00
3.896028e+01
9.367071e-01
5.065116e-02
1.100351e+01
4.549713e-01
1.549525e-01
1.778794e-01
6.886668e+00
2.027100e+01
1.483134e+01
2.865743e+00
8.118522e-02
1.037103e+01
4.802349e-01
2.023522e-01
2.175940e-02
1.511735e-02
5.288847e-01
2.964342e-02
1.787790e+00
2.087835e-02
3.009704e-01
4.753183e+00
5.790704e+00
6.609374e-02
5.136780e-02
1.479189e+00
2.211500e+00
4.795765e-02
2.071474e+00
9.586194e+01
1.003534e-02
1.833676e-02
1.679379e+00
4.783194e-01
5.333309e+00
1.968977e-01
2.198041e-01
1.554928e-01
9.318539e+01
7.977090e+00
3.414967e+01
