6.883451e+01
9.973477e-02
3.748533e-02
7.211074e-02
2.487861e-02
1.764534e-01
9.079516e-01
1.883426e-01
1.009473e-02
6.376940e-01
1.647227e+01
3.789082e-02
1.639832e+01
1.127535e-01
8.591887e+00
6.150051e-01
2.965513e+00
1.147961e+00
2.326329e+00
1.840070e+00
3.546298e-02
1.537635e+00
1.927562e+01
1.783483e+00
2.114185e+00
8.045307e-01
3.245091e-01
2.981976e-01
8.267252e-01
4.131898e+00
1.140587e+01
9.822046e-01
2.721493e-04
6.147922e+00
1.316086e-03
8.817178e-01
6.583744e-04
2.191921e-03
2.700734e-04
2.812937e-02
1.184591e-04
1.956585e-03
1.014179e-01
1.310673e+00
4.058871e-04
1.099163e+01
2.225217e+00
3.412869e+00
7.300361e+00
2.870213e-01
4.208479e-04
9.111315e-02
9.469037e+00
5.475094e+00
6.708760e-02
2.333798e-02
5.603855e+00
1.195087e-01
3.084031e-03
4.264275e+00
9.406301e-04
1.206113e+01
4.913565e+00
1.523730e+00
1.750481e-03
5.004401e+00
4.134237e-03
1.441713e-01
9.000714e+00
5.160744e+00
5.433666e+00
3.526198e+00
1.173683e+00
1.753804e-01
6.718269e+02
7.444635e+02
1.079491e+01
3.722154e+03
1.648431e-02
3.643806e-02
1.149710e+03
8.434615e-01
7.031322e+04
1.815553e+03
1.427051e+01
6.264118e+04
7.809326e-01
6.561529e+00
1.185841e+03
9.462700e+02
5.505973e+00
3.050750e+04
9.332147e+01
5.440705e-03
1.534257e+02
9.703448e+04
2.403052e+01
6.130849e+04
9.434144e+00
2.810091e+03
4.304412e+00
2.920155e-02
1.076391e+03
5.201429e+00
2.693004e+01
7.744500e+00
6.522730e+02
3.812965e-01
8.358702e+01
4.804790e+03
4.664105e+00
2.562904e+01
3.058518e-01
5.040514e-02
2.483987e+02
1.923413e+01
5.942534e-03
9.311836e-04
2.205420e+01
3.674918e+02
1.531476e+03
1.024633e+03
6.260668e+02
1.705274e+00
6.966177e-02
2.447207e-01
1.093612e-01
9.075600e+02
2.029073e+01
7.215966e+02
2.478019e+02
1.212755e+04
7.240426e+01
1.412098e-01
3.753982e+02
1.912749e+02
1.376461e+02
2.365281e-01
1.620790e+00
5.641443e-01
2.172108e+01
2.016841e-02
4.344090e-02
4.300958e-03
2.214636e+02
5.721828e+03
6.215552e+01
7.216987e-01
3.863489e-04
2.709551e+01
1.344027e-03
2.417203e-01
3.857324e+02
7.208766e+04
2.061283e+02
7.402649e-01
8.109465e+00
4.938807e-04
5.740326e-03
4.528413e+02
5.419754e+03
6.537460e-01
4.213910e-02
1.759072e+03
3.934778e+02
4.421155e+02
3.219005e-02
2.230250e+02
7.067432e+02
7.540498e+00
3.163747e-02
3.399036e+00
2.924348e-01
6.557666e+02
6.957550e-01
1.397190e+02
1.995447e+02
4.481107e+00
1.384201e+00
4.822389e+01
9.745014e-01
4.761551e-02
1.052019e+01
6.557871e-01
1.652492e-01
1.888247e-01
6.956123e+00
1.672587e+01
1.449227e+01
2.784650e+00
8.283612e-02
1.042337e+01
3.624755e-01
2.041789e-01
9.156575e-02
4.508685e-02
5.320949e-01
3.254714e-02
1.779373e+00
2.278844e-02
3.697392e-01
3.417288e+00
5.676537e+00
6.914482e-02
4.782649e-02
1.417433e+00
2.212100e+00
5.231111e-02
2.366732e+00
9.727092e+01
1.019122e-02
2.147385e-02
1.698437e+00
5.177468e-01
6.518402e+00
1.915232e-01
1.876570e-01
1.615741e-01
9.585456e+01
5.988608e+00
3.450074e+01
