5.636571e+01
1.018507e-01
2.581949e-02
7.288160e-02
2.602820e-02
1.726887e-01
8.508475e-01
1.958404e-01
1.026954e-02
6.047392e-01
1.167673e+01
3.753825e-02
1.968699e+01
1.136960e-01
8.889003e+00
5.905636e-01
3.473837e+00
1.158021e+00
2.297537e+00
1.961140e+00
3.609602e-02
1.536569e+00
2.863860e+01
1.739490e+00
2.072622e+00
7.976569e-01
3.032111e-01
3.145464e-01
7.778999e-01
4.213150e+00
1.139785e+01
9.450490e-01
3.089461e-04
5.168638e+00
1.336022e-03
8.873615e-01
6.377994e-04
2.218573e-03
3.198738e-04
2.773505e-02
2.021547e-02
1.980108e-03
1.456273e-01
1.295662e+00
7.908740e-03
3.338356e+01
2.319396e+00
3.280642e+00
7.599164e+00
4.530965e-01
4.552418e-04
7.944107e-02
1.066883e+01
8.254766e+00
6.665314e-02
2.253241e-02
6.038082e+00
1.282413e-01
3.154148e-03
4.305327e+00
8.713042e-04
1.491717e+01
4.883229e+00
1.494087e+00
1.678980e-03
5.682449e+00
4.106519e-03
1.443512e-01
9.763411e+00
4.727423e+00
5.545868e+00
3.812923e+00
1.189265e+00
1.475460e-01
6.720097e+02
5.495131e+02
1.013310e+01
3.351578e+03
1.613417e-02
3.044563e-02
1.247331e+03
9.369689e-01
7.284521e+04
1.814863e+03
1.327761e+01
4.221851e+04
7.513342e-01
6.608320e+00
1.182511e+03
1.036039e+03
5.365576e+00
3.357687e+04
9.440172e+01
6.836327e-03
1.526836e+02
9.197378e+04
2.202909e+01
6.443457e+04
7.922961e+00
3.577900e+03
4.334666e+00
3.048945e-02
9.492154e+02
5.675914e+00
2.712989e+01
7.756842e+00
6.670884e+02
3.055734e-01
8.288810e+01
5.313350e+03
4.742690e+00
2.532732e+01
5.232746e-01
4.323651e-02
2.460693e+02
1.845348e+01
5.626266e-03
9.857492e-04
2.048984e+01
3.686536e+02
1.647385e+03
1.212063e+03
5.863529e+02
1.798582e+00
6.754230e-02
2.435397e-01
1.098168e-01
5.499144e+02
8.092512e+02
7.418898e+02
2.482367e+02
1.259876e+04
7.940990e+01
1.384428e-01
3.777259e+02
1.943405e+02
1.368474e+02
2.339086e-01
1.583013e+00
5.564892e-01
2.160795e+01
1.958855e-02
4.462952e-02
4.346951e-03
2.036444e+02
5.622546e+03
6.160445e+01
6.890507e-01
4.090525e-04
2.728753e+01
1.297611e-03
2.445285e-01
4.246351e+02
9.004620e+04
2.064120e+02
6.933829e-01
6.841518e+00
4.562865e-04
5.822794e-03
4.461130e+02
5.123370e+03
6.941127e-01
7.481899e-02
1.664676e+03
4.271519e+02
4.635891e+02
3.132009e-02
2.255136e+02
6.553443e+02
8.247775e+00
3.103422e-02
3.221197e+00
3.007562e-01
6.644920e+02
6.704501e-01
1.303603e+02
1.980691e+02
4.280157e+00
1.301014e+00
4.843478e+01
9.669244e-01
4.829863e-02
1.055973e+01
6.583577e-01
1.647554e-01
1.774189e-01
6.359434e+00
1.828519e+01
1.501302e+01
2.882599e+00
8.357195e-02
1.043200e+01
3.619372e-01
2.082830e-01
8.968431e-02
4.523090e-02
5.515861e-01
3.287007e-02
1.794255e+00
2.126101e-02
3.153204e-01
4.434549e+00
6.084304e+00
7.339306e-02
5.298390e-02
1.420373e+00
2.209321e+00
5.011099e-02
2.114255e+00
9.421946e+01
1.014111e-02
2.270504e-02
1.726695e+00
4.886647e-01
6.079803e+00
1.921380e-01
1.746072e-01
1.587163e-01
9.431099e+01
6.008315e+00
3.426841e+01
