5.880417e+01
1.023190e-01
2.744483e-02
7.260118e-02
1.887840e-02
1.753011e-01
8.668626e-01
1.929047e-01
1.015436e-02
6.512694e-01
1.157951e+01
3.801265e-02
1.897967e+01
1.146648e-01
8.918898e+00
5.964231e-01
3.556015e+00
1.150119e+00
2.295076e+00
1.930772e+00
3.585533e-02
2.263039e+00
1.998646e+01
1.669991e+00
2.055819e+00
7.971698e-01
2.981551e-01
3.280846e-01
7.775046e-01
4.232790e+00
1.352209e+01
8.902730e-01
3.044432e-04
5.092005e+00
1.391595e-03
8.405506e-01
6.292079e-04
2.194696e-03
4.625759e-04
2.608250e-02
2.024334e-02
2.434679e-03
1.293624e-01
1.366055e+00
7.527268e-03
3.418054e+01
2.405121e+00
3.915084e+00
7.121454e+00
4.580043e-01
4.409296e-04
7.849555e-02
1.028538e+01
7.370071e+00
5.177189e-02
2.076730e-02
6.331523e+00
1.165261e-01
3.495640e-03
4.014655e+00
8.642986e-04
1.559849e+01
4.583135e+00
2.683420e+00
1.667499e-03
3.324252e+00
4.841230e-03
1.215716e-01
1.020153e+01
4.625027e+00
5.696275e+00
3.927584e+00
1.173728e+00
1.502456e-01
6.688043e+02
5.189024e+02
1.007577e+01
3.384489e+03
1.621717e-02
2.814324e-02
1.169173e+03
8.064416e+00
7.570610e+04
1.920174e+04
1.343285e+01
4.087362e+04
7.339256e-01
6.447329e+00
1.177279e+03
1.030500e+03
5.182283e+00
3.064332e+04
9.193726e+01
6.829946e-03
1.574937e+02
9.562290e+04
2.171833e+01
6.614502e+04
7.845020e+00
3.545610e+03
3.582482e+00
3.215357e-02
9.529769e+02
5.611394e+00
2.699822e+01
8.020714e+00
6.854183e+02
8.718350e-01
8.380611e+01
5.131861e+03
4.749117e+00
2.514440e+01
4.891236e-01
4.326633e-02
2.481525e+02
1.678100e+01
6.592168e-03
9.975847e-04
2.060794e+01
2.942471e+02
1.679329e+03
1.213161e+03
5.553183e+02
1.826283e+00
6.843003e-02
2.896544e-01
1.211672e-01
5.510620e+02
8.443351e+02
7.342910e+02
2.482215e+02
1.298131e+04
7.966522e+01
1.357619e-01
4.034545e+02
1.935751e+02
1.367884e+02
2.366325e-01
1.317750e+00
8.483519e-01
2.124744e+01
1.972009e-02
4.398618e-02
4.121126e-03
1.986380e+02
4.014758e+03
6.545657e+01
6.034249e-01
4.077888e-04
2.763573e+01
1.321420e-03
2.420693e-01
4.280534e+02
9.194503e+04
2.040235e+02
6.861164e-01
6.785289e+00
4.370851e-04
9.407362e-03
4.304313e+02
4.675575e+03
6.882846e-01
7.382495e-02
1.602904e+03
4.151359e+02
4.191165e+02
2.632631e-02
2.364674e+02
6.722898e+02
8.602111e+00
3.102551e-02
3.111108e+00
2.947943e-01
6.816464e+02
6.563808e-01
1.288610e+02
2.060762e+02
4.216468e+00
1.245180e+00
3.931122e+01
9.173822e-01
4.847503e-02
1.093422e+01
6.591317e-01
1.653465e-01
1.773093e-01
6.479628e+00
1.985423e+01
1.515290e+01
2.921483e+00
8.229946e-02
1.036959e+01
4.149665e-01
2.074468e-01
2.230648e-02
4.570246e-02
5.227273e-01
3.023605e-02
1.782966e+00
2.143885e-02
3.072593e-01
4.551705e+00
5.784405e+00
7.447160e-02
4.928421e-02
1.480693e+00
2.184771e+00
4.964006e-02
2.124240e+00
9.449455e+01
1.011905e-02
1.976287e-02
1.675983e+00
4.854188e-01
6.181937e+00
1.953716e-01
2.224638e-01
1.538430e-01
9.549085e+01
6.137790e+00
3.399694e+01
