5.576776e+01
1.016859e-01
2.722088e-02
7.228585e-02
1.833366e-02
1.677055e-01
8.670552e-01
1.924483e-01
1.001243e-02
6.798656e-01
1.145051e+01
3.492992e-02
1.778117e+01
1.149269e-01
8.604254e+00
5.708242e-01
3.576156e+00
1.150294e+00
2.257374e+00
1.967498e+00
3.642278e-02
2.311134e+00
1.999805e+01
1.588307e+00
2.999509e+00
8.023266e-01
2.995429e-01
3.165470e-01
7.739593e-01
4.464793e+00
1.439818e+01
8.448700e-01
3.207456e-04
5.090885e+00
1.378618e-03
8.423490e-01
6.200299e-04
2.160567e-03
5.037549e-04
3.114572e-02
2.418629e-02
2.456481e-03
1.316968e-01
1.363400e+00
9.240310e-03
3.652772e+01
2.071344e+00
3.915848e+00
6.770614e+00
5.462746e-01
4.508152e-04
7.774357e-02
9.652423e+00
7.365700e+00
5.575784e-02
1.283590e-02
5.553171e+00
1.166360e-01
5.887413e-04
3.513686e+00
8.551057e-04
1.519611e+01
4.526892e+00
2.611365e+00
1.635944e-03
3.216010e+00
4.962016e-03
1.206028e-01
1.022112e+01
4.312162e+00
5.738868e+00
3.868488e+00
1.216550e+00
1.476793e-01
6.767792e+02
3.141152e+02
1.658926e+01
3.275973e+03
1.635680e-02
2.814451e-02
1.488567e+03
8.409779e+00
8.637734e+04
1.790040e+04
1.285597e+01
3.965224e+04
7.350800e-01
6.423888e+00
1.110897e+03
1.021216e+03
5.200054e+00
3.109423e+04
9.169065e+01
5.849807e-03
1.616194e+02
9.604861e+04
2.105602e+01
6.674186e+04
7.795709e+00
4.838006e+03
3.715630e+00
2.788358e-02
8.036788e+02
5.603874e+00
2.727713e+01
7.908320e+00
6.820437e+02
8.136825e-01
8.359375e+01
6.958160e+03
5.480113e+00
2.394716e+01
4.726304e-01
3.244906e-02
2.387840e+02
1.679057e+01
1.070841e-02
1.002786e-03
2.045115e+01
2.943159e+02
1.497204e+03
1.240320e+03
5.595844e+02
1.834784e+00
6.689468e-02
2.893368e-01
1.250667e-01
5.537145e+02
8.723105e+02
7.355119e+02
2.502127e+02
1.256179e+04
7.852839e+01
1.370086e-01
4.202021e+02
1.971561e+02
1.316894e+02
3.097802e-01
1.242626e+00
8.071726e-01
2.125050e+01
1.969001e-02
5.112877e-02
4.226918e-03
1.995046e+02
4.127541e+03
6.596277e+01
5.309093e-01
6.299368e-04
2.761399e+01
1.230152e-03
2.422440e-01
3.600539e+02
9.211882e+04
2.131197e+02
7.104500e-01
7.301535e+00
4.302824e-04
9.114907e-03
4.291909e+02
4.720134e+03
7.984004e-01
7.501204e-02
1.648999e+03
3.062089e+02
4.199131e+02
2.369488e-02
2.326070e+02
6.528409e+02
8.581785e+00
2.773184e-02
3.126940e+00
3.000253e-01
6.898264e+02
6.526313e-01
1.282914e+02
2.106901e+02
4.217970e+00
1.241345e+00
3.897325e+01
9.781849e-01
4.850519e-02
1.060623e+01
4.548206e-01
1.627781e-01
1.781011e-01
6.825561e+00
2.030603e+01
1.489824e+01
2.860818e+00
8.302941e-02
1.042900e+01
4.774046e-01
2.052990e-01
2.197413e-02
4.575440e-02
5.244514e-01
2.936251e-02
1.794974e+00
2.135181e-02
3.054725e-01
4.677576e+00
5.790200e+00
6.602936e-02
5.112168e-02
1.478718e+00
2.179298e+00
4.864664e-02
2.111278e+00
9.682172e+01
1.004413e-02
1.880784e-02
1.679592e+00
4.772644e-01
5.363068e+00
1.968338e-01
2.234288e-01
1.523239e-01
9.421548e+01
8.207274e+00
3.406334e+01
