3.884067e-01
3.376407e-02
8.424806e-01
2.988028e+01
8.336700e-01
3.990725e-01
2.885688e-02
1.355733e+01
2.016415e+00
1.882228e+00
2.143789e-02
4.558072e-01
2.610133e+00
4.066029e-02
1.038833e+01
2.002147e+01
2.054703e+00
5.468597e+00
1.176918e+00
8.261651e-01
2.114788e-01
2.292467e+01
3.100740e+00
2.061340e+00
2.546659e+01
1.223137e-01
6.280188e-01
9.474708e+00
2.360049e+00
3.940282e+00
2.061659e-04
8.042147e-01
4.561978e+00
2.750688e+00
3.253722e+00
1.883973e-01
4.250444e-02
1.754151e+00
1.835090e-01
1.358661e-03
6.835014e+00
1.857850e-02
5.045822e-04
3.089524e+00
1.076959e-02
2.477798e-01
1.385978e+00
9.245249e-01
7.893442e-03
3.673509e+00
2.544466e-03
2.695460e-02
7.532171e+00
2.786109e+00
8.006841e-03
9.364653e-01
7.784916e-03
2.745376e-03
1.143814e+01
3.798436e-04
2.389236e+00
5.468781e+01
1.082085e-03
5.205797e-04
6.490746e-03
6.799528e-03
1.185369e-02
1.122587e-01
1.523291e+00
7.504279e-01
7.754165e-01
1.464694e+00
1.988662e+00
3.363166e-02
6.036091e+02
5.357157e-01
1.827758e-02
3.870117e+01
5.596509e-01
2.839019e+03
9.499567e-01
1.160928e+02
8.766106e+03
2.296661e+02
1.717960e-01
1.213974e+04
3.003188e+02
5.922004e+01
5.560321e+02
8.832815e+01
1.160537e+02
5.358026e+02
6.373900e+02
9.695847e-02
1.715821e+02
7.425757e+03
1.628178e+03
6.231189e+03
2.670928e+00
4.063736e+01
9.114739e+00
2.120437e+02
6.092288e+01
3.862181e+03
2.321031e+02
2.089875e+01
2.239104e+03
3.237805e+03
2.053710e+01
4.480055e-02
1.111190e+02
8.260651e+00
2.213183e-01
4.169158e-02
1.723641e+02
7.921331e-02
5.687100e+00
2.297805e-03
3.637246e+01
5.601950e+00
1.806981e-01
4.183620e+02
1.300158e+03
1.046956e-01
2.005689e-02
1.272367e-03
3.399704e+00
3.996745e+02
1.560945e+02
3.246150e+04
1.270193e+01
6.927363e+02
3.497003e+02
2.242176e+02
1.210890e+03
6.933647e+00
2.419480e+03
1.957230e-01
3.177946e+02
2.476297e-01
1.947509e+01
7.771003e-02
2.324704e-01
1.749817e-02
3.650760e+02
5.056658e+00
4.873956e+01
5.036759e-01
6.985786e-03
4.432390e+03
5.366381e-03
2.486835e-01
5.125029e+00
7.682178e+03
1.376258e+02
1.576955e-03
1.712726e-02
5.005783e-02
6.485302e+03
1.524936e-03
2.739159e+00
6.642225e-04
4.703241e+01
1.890924e+01
5.518846e+00
8.769256e+02
1.249118e+01
1.109991e+03
1.050038e+03
2.481387e+03
2.525511e-02
2.249391e+03
2.640777e+00
1.945766e+03
9.575387e-03
5.453510e+01
1.042278e+02
5.376539e+02
3.178510e+01
9.206657e+01
4.805490e-02
8.358243e-04
3.106048e-01
1.248871e-01
2.373177e-01
3.103926e-01
1.449550e-01
1.236104e+01
1.056013e+01
1.414240e+00
5.105171e-02
4.427768e+00
8.818361e-02
7.053940e-01
3.974627e-01
5.836044e-01
6.757975e-01
1.883590e+00
2.641612e+01
1.072348e-01
4.161379e+00
1.117966e-01
1.698688e+00
7.824641e-01
7.226750e+01
2.618691e+01
8.582866e-01
7.541362e-01
3.939376e+00
2.708738e+01
2.830972e-01
5.450105e-01
4.164993e-01
5.509938e-01
9.405162e+00
1.625269e+00
1.111751e+01
4.432951e-01
4.720233e+00
4.473316e+00
3.320165e+02
