7.244132e-01
1.008731e-01
3.878694e-02
6.602299e-02
2.376946e-02
1.730863e-01
1.138361e+00
1.946288e-01
1.005548e-02
6.206459e-01
1.662702e+01
4.724415e-02
1.685399e+01
1.267576e-01
8.683955e+00
5.632138e-01
3.035643e+00
1.111983e+00
1.774456e+00
2.003683e+00
3.607613e-02
1.330236e+00
1.816851e+01
1.761043e+00
2.027595e+00
7.935541e-01
3.655824e-01
3.280505e-01
8.049516e-01
4.265114e+00
9.567913e+01
8.645659e-01
2.518066e-04
6.510331e+00
1.364651e-03
8.922422e-01
8.831657e-04
2.129903e-03
2.370199e-04
3.295914e-02
1.563825e-03
1.960708e-03
9.401909e-02
1.200195e+00
3.875998e-04
3.460099e+01
2.341704e+00
2.863131e+00
7.936566e+00
3.284126e-01
3.624871e-04
9.532551e-02
9.919579e+00
8.406359e+00
1.839649e-02
2.447879e-02
4.687335e+00
1.114479e-01
3.356477e-03
4.009139e+00
9.589270e-04
1.254564e+01
4.944287e+00
1.332474e+00
1.729596e-03
4.849898e+00
4.438204e-03
1.427294e-01
9.083181e+00
5.787079e+00
2.599521e+00
3.515437e+00
1.114693e+00
1.462915e-01
6.568193e+02
8.086301e+02
1.112100e+01
3.657462e+03
1.637481e-02
5.046266e-02
9.881559e+02
8.153850e-01
2.762675e+04
1.769850e+03
1.465320e+01
4.367281e+04
6.886912e-01
6.752825e+00
1.200544e+03
1.139787e+03
4.060192e+00
3.339094e+04
9.358518e+01
5.168118e-03
1.546198e+02
8.911563e+04
2.922894e+01
2.881447e+04
9.680057e+00
3.000965e+03
4.273774e+00
4.564487e-02
9.539523e+02
5.125864e+00
2.686610e+01
7.830994e+00
6.604111e+02
3.827569e-01
8.450216e+01
6.081259e+03
4.650348e+00
2.623153e+01
5.502819e-01
5.403768e-02
2.512317e+02
2.034970e+01
3.553965e-04
1.007685e-03
2.031458e+01
3.908320e+02
1.219877e+03
9.982552e+02
6.687366e+02
1.706218e+00
7.033490e-02
2.492678e-01
1.105047e-01
8.950525e+02
2.056873e+01
8.959448e+02
2.581796e+02
1.422125e+04
8.147398e+01
1.375899e-01
3.722129e+02
1.974369e+02
1.330859e+02
6.156706e+01
7.137031e+00
5.533551e-01
2.159935e+01
2.446925e-02
4.202206e-02
4.393736e-03
2.354248e+02
5.361682e+03
5.714866e+01
7.534484e-01
4.694939e-04
2.722472e+01
1.465589e-03
2.348419e-01
8.564310e+02
9.242204e+04
1.361147e+02
7.828020e-01
6.256954e+00
1.806008e-04
5.835810e-03
4.227266e+02
5.221414e+03
6.823587e-01
5.625307e-02
1.303039e+03
3.633365e+02
4.434311e+02
2.934432e-02
2.264245e+02
7.197993e+02
7.807021e+00
3.253200e-02
3.204613e+00
3.069838e-01
6.532912e+02
6.541050e-01
1.340462e+02
2.160220e+02
4.421215e+00
1.401435e+00
5.395733e+01
8.389315e-01
4.818305e-02
1.100549e+01
6.848180e-01
1.758722e-01
1.931308e-01
6.339336e+00
1.646001e+01
1.480851e+01
2.851292e+00
8.266018e-02
1.028624e+01
3.489597e-01
2.565227e-01
9.714586e-02
5.722846e-02
5.576610e-01
3.194772e-02
1.862091e+00
2.166158e-02
3.534162e-01
3.321087e+00
3.983701e+00
6.443964e-02
5.273419e-02
1.059222e+00
2.123181e+00
5.661048e-02
2.416524e+00
9.721755e+01
1.072328e-02
2.119811e-02
1.720669e+00
5.392855e-01
6.250881e+00
1.809139e-01
1.842549e-01
1.818955e+00
7.472538e+01
5.993047e+00
4.247388e+01
