8.688541e-01
1.037744e-01
1.000215e-02
6.431185e-02
2.434919e-02
2.093093e-01
1.387861e+00
1.869177e-01
2.520731e-02
7.277461e+01
1.464030e+01
5.378801e-02
2.199354e+01
8.319245e-02
8.469877e+00
5.853601e-01
3.058692e+00
1.205746e+00
1.883554e+00
1.811330e+00
3.467184e-02
1.420823e+00
1.801690e+01
1.493230e+00
2.742708e+00
8.696803e-01
3.194386e-01
3.283998e-01
8.726436e-01
4.320374e+00
3.432499e+01
6.845496e-01
3.238149e-04
6.272160e+00
1.561239e-03
2.311320e+00
4.593264e-04
1.990383e-03
2.446162e-04
4.695541e-02
2.040950e-03
2.532449e-03
9.800011e-02
3.925087e-02
4.436272e-04
2.544447e+01
1.411538e+00
2.833032e+00
8.355487e+00
3.694879e-01
5.956418e-04
1.051704e-01
8.419658e+00
7.961455e+00
1.980702e-02
2.360303e-02
4.859596e+00
1.215161e-01
4.785217e-03
2.427713e+00
2.362323e-04
1.942570e+01
4.488008e+00
1.885024e+00
1.596371e-03
5.881605e+00
3.427984e-03
1.463721e-01
8.678018e+00
2.903167e-01
3.056630e+00
3.667746e+00
1.153299e+00
1.662809e-01
7.700476e+02
3.550662e+02
9.926582e+00
3.437797e+03
2.007824e-02
3.353418e-02
9.853061e+02
9.708822e-01
3.546192e+04
1.868961e+03
1.723743e+01
1.354454e+04
7.803464e-01
4.687513e+00
1.280650e+03
1.850709e+03
1.738395e+00
5.074180e+04
1.006642e+02
4.839634e-03
1.761655e+02
9.043684e+04
2.999680e+01
5.346941e+04
1.278552e+01
2.732655e+03
3.905646e+00
4.719446e-02
1.012220e+03
5.504916e+00
2.402020e+01
1.023897e+01
8.465924e+02
2.814870e-01
8.104990e+01
4.808166e+03
4.470401e+00
2.839993e+01
5.287543e-01
2.473556e-02
2.252682e+02
2.830375e+01
1.567550e-04
4.916795e-04
1.379381e+01
3.675936e+02
2.292741e+02
6.798385e+02
1.698545e+03
1.273739e+00
2.417065e-02
2.446591e-01
9.423678e-02
6.061601e+02
2.015055e+01
7.359805e+02
2.262782e+02
1.513648e+04
7.963220e+01
2.033838e-01
3.215215e+03
2.414782e+02
1.712270e+02
8.634961e+01
2.123020e+01
5.096383e-01
2.255866e+01
2.408677e-02
5.155114e-02
6.236818e-03
2.637092e+02
6.216107e+03
4.967739e+01
6.238514e-01
5.635533e-04
3.355339e+01
2.473555e-03
3.474929e-01
7.104386e+02
9.313962e+04
1.560848e+02
9.615610e-01
6.384656e+00
9.422593e-04
5.384280e-03
3.200369e+02
3.915730e+03
6.486440e-01
6.624099e-02
1.145457e+03
2.031074e+02
4.689346e+02
1.659813e-02
1.906705e+02
7.414069e+02
1.009612e+01
3.355842e-02
2.867224e+00
1.324850e-01
5.973009e+02
5.149713e-01
1.494658e+02
4.325689e+02
5.205143e+00
1.645124e+00
5.812197e+01
9.823651e-01
4.269727e-02
9.237703e+00
6.386436e-01
1.097742e+00
1.819949e-01
6.896086e+00
2.606494e+01
1.565576e+01
1.799248e+00
8.307895e-02
1.035776e+01
3.272627e-01
2.261623e-01
9.644950e-02
2.065906e-01
5.636442e-02
3.233305e-02
2.709326e+00
1.951657e-02
3.631288e-01
3.355097e+00
4.420574e+00
5.997795e-02
8.024666e-02
1.161923e+00
2.196621e+00
1.274036e-01
2.482483e+00
9.569871e+01
1.043275e-02
2.411399e-02
1.707828e+00
5.367213e-01
6.974233e+00
1.846517e-01
1.622672e-01
2.236900e+00
6.440079e+01
4.275551e+00
4.478270e+01
