5.625315e+01
1.015365e-01
2.732469e-02
7.223885e-02
1.830055e-02
1.676033e-01
8.663821e-01
1.925689e-01
1.001058e-02
6.648301e-01
1.154518e+01
3.755066e-02
1.899929e+01
1.144058e-01
8.910606e+00
5.686771e-01
3.566894e+00
1.150107e+00
2.330212e+00
1.879129e+00
3.588420e-02
2.294312e+00
1.992747e+01
1.644643e+00
2.049222e+00
7.983856e-01
2.997153e-01
3.276533e-01
7.755572e-01
4.222304e+00
1.430140e+01
8.760035e-01
3.106580e-04
5.113400e+00
1.390679e-03
8.385701e-01
6.305229e-04
2.123297e-03
4.586252e-04
2.664337e-02
2.109961e-02
2.434447e-03
1.310135e-01
1.367815e+00
9.035794e-03
3.382712e+01
2.401079e+00
3.926246e+00
7.488966e+00
4.799430e-01
4.452323e-04
7.836832e-02
1.005240e+01
7.395162e+00
5.616374e-02
2.096218e-02
6.281723e+00
1.164535e-01
3.494143e-03
4.018980e+00
8.630960e-04
1.568297e+01
4.588563e+00
2.668981e+00
1.661046e-03
3.301068e+00
4.927971e-03
1.212212e-01
1.020553e+01
4.651586e+00
5.688217e+00
3.927218e+00
1.191958e+00
1.500185e-01
6.693506e+02
5.200977e+02
1.652435e+01
3.389686e+03
1.625494e-02
2.824439e-02
1.187696e+03
8.184607e+00
7.783938e+04
1.954461e+04
1.343915e+01
4.045955e+04
7.338097e-01
6.449529e+00
1.177685e+03
1.019703e+03
5.187517e+00
3.080615e+04
9.159048e+01
6.798113e-03
1.574439e+02
9.331949e+04
2.169254e+01
6.556065e+04
7.821262e+00
3.488311e+03
3.654565e+00
3.239231e-02
9.329137e+02
5.539805e+00
2.697789e+01
8.013015e+00
6.822346e+02
9.041086e-01
8.387413e+01
5.169323e+03
4.751205e+00
2.366748e+01
4.588032e-01
4.338214e-02
2.472347e+02
1.695770e+01
1.030983e-02
1.013244e-03
2.044917e+01
2.932862e+02
1.494595e+03
1.251249e+03
5.486602e+02
1.834030e+00
6.801165e-02
2.896079e-01
1.239867e-01
5.546215e+02
8.746143e+02
7.359554e+02
2.484913e+02
1.300070e+04
7.852682e+01
1.366762e-01
4.032625e+02
1.942900e+02
1.371073e+02
2.377257e-01
1.293216e+00
8.502733e-01
2.123598e+01
1.970945e-02
5.151701e-02
4.234170e-03
2.009112e+02
4.011351e+03
6.583138e+01
6.029629e-01
5.942104e-04
2.763895e+01
1.242063e-03
2.427941e-01
4.210010e+02
9.340608e+04
2.069103e+02
6.874269e-01
7.190370e+00
4.326939e-04
9.392513e-03
4.302116e+02
4.648906e+03
6.882223e-01
7.414138e-02
1.603406e+03
3.040642e+02
4.195848e+02
2.544901e-02
2.335167e+02
6.721349e+02
8.587078e+00
2.769136e-02
3.116654e+00
2.999208e-01
6.929405e+02
6.526742e-01
1.287874e+02
2.106011e+02
4.215320e+00
1.249909e+00
3.916853e+01
9.921610e-01
4.852133e-02
1.056647e+01
6.516068e-01
1.651584e-01
1.771463e-01
6.851820e+00
2.028345e+01
1.505481e+01
2.929696e+00
8.217104e-02
1.044037e+01
4.771479e-01
2.068536e-01
2.202282e-02
4.554863e-02
5.240460e-01
2.943130e-02
1.780726e+00
2.140015e-02
3.068116e-01
4.565624e+00
5.798871e+00
6.669968e-02
4.936103e-02
1.479086e+00
2.188960e+00
4.920738e-02
2.111851e+00
9.697477e+01
1.002104e-02
1.971188e-02
1.675683e+00
4.787322e-01
5.263780e+00
1.968257e-01
2.223093e-01
1.525452e-01
9.481196e+01
5.768614e+00
3.396785e+01
