6.291055e+01
1.026824e-01
2.347232e-02
7.109883e-02
2.685448e-02
1.430019e-01
6.065078e-01
1.864504e-01
1.037287e-02
6.784082e-01
1.147615e+01
3.639996e-02
1.763892e+01
1.150137e-01
8.876280e+00
5.665082e-01
3.634956e+00
1.177389e+00
2.258424e+00
1.958585e+00
3.529570e-02
2.342180e+00
1.977397e+01
1.587863e+00
2.998295e+00
8.028804e-01
2.997221e-01
3.155571e-01
8.305602e-01
4.412521e+00
1.368361e+01
8.291740e-01
3.197787e-04
5.136011e+00
1.386075e-03
8.386407e-01
6.418999e-04
2.088252e-03
4.940735e-04
3.187936e-02
2.324832e-02
2.434747e-03
1.352808e-01
1.321171e+00
9.327493e-03
2.962252e+01
1.793881e+00
3.913990e+00
6.614361e+00
5.676312e-01
6.774073e-04
8.589042e-02
9.534647e+00
7.711515e+00
5.661797e-02
1.284749e-02
5.633553e+00
1.165715e-01
5.850045e-04
3.485020e+00
9.020325e-04
1.575991e+01
4.597040e+00
2.455221e+00
1.642170e-03
3.189536e+00
5.169049e-03
1.202080e-01
1.043968e+01
4.323500e+00
5.740558e+00
3.906952e+00
1.163228e+00
1.618852e-01
6.785669e+02
3.098535e+02
1.816848e+01
3.258067e+03
1.636173e-02
2.715749e-02
1.503581e+03
8.165288e+00
9.631838e+04
1.756614e+04
1.305998e+01
3.480641e+04
7.082484e-01
6.395177e+00
1.121674e+03
9.807702e+02
5.293483e+00
2.715101e+04
9.067105e+01
5.813949e-03
1.613087e+02
7.412177e+04
2.101771e+01
6.319209e+04
7.738695e+00
4.782195e+03
3.618848e+00
3.533553e-02
8.120322e+02
5.679321e+00
2.912451e+01
7.547139e+00
6.870108e+02
7.983591e-01
8.311393e+01
6.913133e+03
5.148398e+00
2.103521e+01
4.710432e-01
3.188143e-02
2.285678e+02
1.717378e+01
1.096880e-02
5.744112e-03
2.105527e+01
2.934154e+02
1.507735e+03
1.246724e+03
5.126112e+02
1.835249e+00
7.291708e-02
2.871618e-01
1.350958e-01
5.529065e+02
8.809134e+02
7.331102e+02
2.471749e+02
6.949651e+03
7.808100e+01
1.378139e-01
3.886047e+02
2.028789e+02
1.314056e+02
3.130055e-01
2.018976e+00
8.139812e-01
2.120957e+01
1.949306e-02
5.186788e-02
4.093439e-03
2.011309e+02
3.498790e+03
6.592128e+01
5.530111e-01
6.118363e-04
2.756572e+01
1.153128e-03
2.425518e-01
3.554677e+02
8.827217e+04
2.134681e+02
7.432744e-01
7.287554e+00
4.323399e-04
9.219019e-03
4.230705e+02
4.650678e+03
7.985554e-01
7.458524e-02
1.652689e+03
3.003834e+02
4.147120e+02
2.322658e-02
2.340260e+02
6.470882e+02
8.566338e+00
2.779673e-02
3.512496e+00
2.662150e-01
6.714331e+02
6.606466e-01
1.336068e+02
2.061854e+02
4.201674e+00
1.237470e+00
3.906019e+01
9.358047e-01
5.130853e-02
1.099972e+01
4.579904e-01
1.536341e-01
1.784996e-01
7.242659e+00
2.045429e+01
1.481695e+01
2.836058e+00
8.107448e-02
9.955653e+00
4.786613e-01
2.039285e-01
2.201903e-02
1.509417e-02
5.312128e-01
2.954814e-02
1.789469e+00
2.087952e-02
3.008889e-01
4.749263e+00
6.520151e+00
6.575051e-02
5.141888e-02
1.480772e+00
2.250771e+00
4.796538e-02
2.053761e+00
9.639007e+01
1.001023e-02
1.833845e-02
1.679827e+00
4.780475e-01
5.329853e+00
2.071463e-01
2.241818e-01
1.544625e-01
9.576954e+01
7.960025e+00
3.424573e+01
