5.718780e-01
4.479428e+01
2.533655e+01
2.186304e+01
3.218600e+00
8.657488e-01
5.752861e+00
2.577414e-01
1.973180e-01
3.629209e-02
1.428566e+01
4.733980e+00
1.315663e-01
5.161547e-02
4.183285e-01
9.273946e-01
1.483755e-02
4.782398e+01
6.873540e-01
1.308831e-02
5.610340e+01
3.882687e+00
1.679251e-01
1.177295e-02
1.307984e+00
5.832107e-01
3.579911e-01
6.784026e+00
2.666475e-01
1.207886e-01
3.149787e-01
4.412977e-03
1.220552e+01
1.250552e+00
1.070972e-04
4.690342e-01
2.408603e-01
1.367529e-01
4.765877e-01
1.708794e-02
1.533007e-01
4.242735e-01
1.339044e+01
1.667030e-04
6.124284e-02
5.430414e-04
3.020614e-01
6.280711e+01
1.246681e-04
2.004253e-01
5.356981e-03
2.893953e-01
1.999789e-02
3.829588e-01
6.490883e-04
5.989068e-02
2.691104e-01
1.422068e-04
2.082003e-03
7.909349e-03
5.230764e-01
1.543047e-03
4.729818e+01
2.714441e-01
3.617226e-03
9.359128e-01
1.897252e-02
1.627628e-02
1.962781e-01
4.516860e-03
2.964247e+00
4.687021e-01
1.415071e+01
4.561412e-04
1.037855e-04
1.131419e+00
6.732318e+01
3.237994e+00
2.112665e+01
7.706636e+00
3.346398e-02
4.451071e-03
6.309331e+03
9.086440e+01
3.071716e+01
3.325394e+02
9.527452e+01
7.142020e+00
1.457029e+00
1.291365e-03
8.166659e+00
2.581346e+02
8.420825e+00
6.220446e+03
1.371274e+01
4.430601e+03
2.331000e+00
3.011437e-01
1.462954e+02
2.885187e-02
4.217018e+01
8.635847e-01
3.396458e+00
1.938920e-04
1.159035e+02
2.216819e+02
5.716316e+01
5.770726e+01
7.324665e+01
4.668354e+04
6.099969e+02
1.276061e-04
8.117413e+02
1.763824e-03
5.061498e+03
1.422180e+00
7.474006e-01
5.730881e-02
1.675118e+03
9.584778e+03
1.318986e+01
1.889030e+04
1.751938e+04
1.787375e+03
2.220364e-01
9.302914e+00
2.045006e-02
9.003733e+04
1.896415e+02
1.009264e-01
4.170410e+01
1.326944e+04
1.892469e+02
1.751274e+01
7.959003e+03
1.333515e-04
3.000847e+03
8.465333e-03
7.198911e+01
7.135954e+00
3.488179e+00
6.736949e-01
1.179262e-02
9.551203e+02
3.394165e+01
1.969339e+02
1.931004e-04
2.392419e-03
2.136812e-04
1.990011e+02
1.112826e-04
1.008446e-03
1.180400e+01
4.202098e+04
1.018827e-01
1.384453e+01
1.719806e+03
7.965795e+00
1.652527e+04
1.814557e-01
6.724900e-03
4.373034e+01
8.343708e+00
6.412633e+00
9.865831e-03
7.841922e+02
1.675525e-03
1.379220e+00
4.218381e+03
6.713625e+01
1.070426e-02
6.457117e+01
8.029939e-03
8.044762e+00
1.720109e-02
1.268044e+01
4.761150e-03
1.241307e+00
3.794934e+02
2.825087e+01
8.939386e-01
1.995296e-04
2.127068e+01
2.995775e-02
2.695808e-01
1.900729e-02
2.201479e-02
4.270005e-02
2.011148e-01
3.622395e+01
3.458599e+01
4.021969e-02
3.170912e+00
1.064505e+00
4.024589e+01
1.190259e-01
1.024339e+00
3.339802e+01
3.783021e+00
1.147226e-01
5.475210e+01
1.556081e-02
1.924677e-01
9.741636e+00
7.797998e-01
5.819103e+01
1.084378e+00
1.022422e-01
6.788171e-01
1.200244e+01
4.228553e-01
8.583073e+01
2.861935e+00
1.163783e+01
1.560846e-02
1.471693e-02
6.539200e-01
3.954186e-02
3.026892e+00
4.073753e-02
9.429521e+00
