2.268182e+01
7.559368e-02
1.043556e-01
1.014105e+01
8.298185e+00
8.515942e+00
5.471023e+00
1.053687e+01
4.291759e-01
3.174012e-01
9.601754e+00
6.146207e+00
1.877409e+01
1.119448e+01
1.090745e-01
2.672146e-02
5.989158e+00
2.301359e+00
6.124163e-01
2.933121e-01
6.544972e+01
1.930742e+01
2.633906e-01
4.500960e-02
6.188283e-01
4.231221e+00
2.025946e+00
2.470654e-01
5.187413e-01
1.227978e+00
4.945060e-03
1.235705e+01
5.432778e+00
3.486546e-01
9.928570e+00
4.227240e-01
1.980218e+01
6.947500e+00
1.604542e+00
7.764045e-02
4.814057e-02
1.133800e-01
1.321322e-01
6.008895e-02
1.963820e-01
1.509038e-01
2.449622e+00
2.621259e+00
1.506924e-02
1.661555e+01
1.598879e+00
5.153386e-01
1.274635e+00
8.578985e-02
4.119939e-02
5.627323e-01
9.167442e-03
1.916765e-01
1.613816e-01
1.108687e-02
2.831911e-02
1.986984e+00
1.040065e-01
1.281398e-03
6.608245e+00
1.164643e+01
6.848166e-03
2.663980e-03
2.648360e-01
3.841249e+00
2.745325e-01
1.174137e-01
3.046948e-01
6.339779e-02
2.217678e+00
8.689568e-03
3.856087e+01
1.766787e-04
8.396117e-03
2.808391e-03
3.182954e-01
6.770029e+00
2.771748e+04
3.529648e+04
5.032241e+01
3.330750e-02
4.555232e-01
7.219432e-04
4.399999e+00
5.151347e+01
2.382665e+01
8.213533e+02
5.244871e+02
4.160982e+02
3.400509e+02
8.767576e+03
4.615521e+02
6.193437e+03
1.875267e+02
1.119357e-01
5.798950e+00
1.533242e-03
2.112586e+03
5.370308e-03
2.974215e+03
1.100555e-02
3.757735e+00
6.317585e-02
4.185118e+02
1.484043e+00
8.144441e+02
9.333739e-01
5.383889e+00
1.008912e+03
4.556659e-03
6.065765e+00
4.318451e+02
1.347488e+00
7.474053e-03
8.531254e-02
1.070927e+00
1.817789e-01
5.316136e-02
4.870427e-03
1.964393e+03
4.174053e-02
2.758298e-01
1.307364e+02
1.328462e+01
1.357994e-02
8.711061e+01
7.209382e+02
2.386176e+02
7.945471e+00
3.094680e+02
4.388724e-03
6.686834e+02
3.472225e+00
2.370096e+02
1.628173e-01
7.689001e+00
1.761698e-01
6.640243e-02
3.380923e+03
9.701088e+02
3.500137e-02
1.269055e+01
5.067292e-01
2.437648e+01
2.122033e+00
6.695455e-04
5.847418e-04
1.427133e-04
2.689938e+03
7.927027e+00
2.605990e+04
1.791531e-03
2.186911e+00
1.865428e+01
4.408622e-02
1.460066e+00
5.301219e-04
1.347127e+04
3.989095e+00
1.385081e-02
4.864328e+03
1.124184e+00
1.414624e+02
1.585065e+01
1.622338e+00
7.871827e-03
1.601541e-01
4.848280e-03
9.950187e+00
3.389045e+03
4.278268e+02
8.770795e+02
4.341641e+00
2.374182e-02
6.247824e+02
1.333585e-01
1.201859e-02
3.521565e+00
1.007860e-02
5.139225e+00
7.498229e+00
1.575047e-01
9.591635e+01
2.904693e-01
4.089593e+00
4.316374e-01
5.567868e-01
2.520896e+00
3.389611e+00
3.921981e+00
3.020491e-01
6.855788e+00
1.308957e-01
2.872487e+01
5.477898e+00
6.793214e+00
8.299788e+00
1.528044e-01
2.991136e+00
8.048446e-01
3.264900e-02
4.988476e-01
1.195947e+00
7.180811e-01
4.523628e+01
4.568704e+00
1.923234e+00
7.569692e+00
4.117140e+00
1.665926e+00
3.418310e-01
8.881047e-02
3.711403e+00
5.157346e+01
2.593146e+01
2.458452e+02
