6.741168e-01
1.196490e+01
1.209776e+01
1.132736e+00
1.205361e-01
3.334163e+00
3.751074e+00
5.654617e-02
4.228393e-01
4.161106e-01
3.520489e+00
3.329139e+00
1.362268e+00
2.971374e-01
6.390127e+00
1.395577e+00
2.942952e-01
2.812503e+00
1.469154e+00
5.019415e-02
9.412887e+00
1.198871e+01
1.001979e+00
8.038351e-02
5.236603e-02
1.095702e+00
4.059857e-02
7.642193e-01
1.829777e+00
6.526024e-01
3.935939e-03
1.070624e+01
1.247614e+00
4.620653e-02
7.496937e-01
5.889832e-01
8.580286e+01
4.478871e-03
7.589096e-01
1.054722e-01
1.036567e+00
2.258275e-02
2.036474e-01
6.928679e-01
4.336433e-02
7.260656e-04
4.078561e-03
6.314424e+00
7.144902e+00
8.644908e-02
9.491636e-03
3.648315e-01
3.318048e-03
6.379337e+00
2.300034e-03
1.898665e-03
2.438333e-03
2.187672e-02
4.541549e-01
1.070479e-01
2.810986e-02
1.386922e-02
1.131369e+00
6.232107e-04
2.315917e-02
4.416548e-01
8.437379e-02
2.502236e-02
6.888618e-03
9.011761e-02
4.714451e-02
2.781755e+00
1.104697e-01
4.539133e-04
2.729263e-02
2.829033e+02
7.476287e-03
2.184122e+03
8.014970e+00
4.675308e-01
4.521429e+00
2.171296e-04
2.405681e+03
3.569216e+02
3.658492e+01
6.612276e+02
7.249518e+01
9.573518e+00
3.840178e+00
1.132789e-02
1.572873e+01
2.213647e+00
1.728317e+02
3.019874e+00
3.909230e+00
2.988382e+02
5.636135e+01
2.009058e+01
2.904354e+02
2.105946e-01
3.685215e+01
1.112979e+00
1.588787e+02
2.434469e+00
7.838829e+01
1.020652e+01
2.180380e+00
4.623751e+02
5.936235e+01
5.731754e-02
3.366065e+02
3.253017e+03
1.216727e+03
2.059303e+00
1.806113e+02
8.588006e+01
1.256452e+04
1.943862e-01
1.226319e+03
3.038461e+00
8.043893e+03
2.449500e+01
1.208430e+02
2.669400e+04
1.557711e+00
6.845971e+03
2.758701e-03
2.053628e+01
9.566391e+01
1.390504e+00
3.382073e+01
9.866889e+03
5.027605e+02
4.465211e+01
5.876697e+01
8.749620e-02
6.288521e+01
1.164405e+00
6.224133e+02
9.532811e+02
1.784195e+01
3.739473e-02
1.112701e-02
3.056814e-02
2.883661e+01
4.351220e+02
8.577722e+01
1.882943e-02
7.325941e+00
6.204260e+02
4.587012e-02
2.976658e-02
1.040047e-02
8.811816e+03
3.292894e-02
5.331515e-02
2.364091e-01
1.840079e-04
7.523274e-03
1.357079e-02
3.657732e-03
2.571566e+02
5.441064e-01
1.038973e+01
5.342892e+01
2.765996e+02
9.554755e+00
1.045440e+02
1.894708e-02
7.894226e+02
3.551149e-03
3.891078e+00
2.306504e-01
8.023830e+02
1.084250e+00
1.006436e+00
3.842273e-02
1.731639e+01
4.852000e+02
7.761866e+00
5.934695e-04
5.017761e-02
3.647712e-01
2.596377e-01
7.026823e-02
4.175024e-01
2.628889e+00
1.129949e+00
3.535469e-01
3.509091e+00
1.249993e+00
9.131585e-02
1.268843e+01
1.061092e-01
3.917927e+01
4.479721e-01
1.161724e+00
1.825025e-01
6.945945e-01
1.802437e-01
3.465122e-01
1.307883e-01
1.193779e+00
1.788332e+00
5.222694e-02
6.619577e+00
7.772619e-01
7.732147e-01
8.539564e-02
1.425611e+01
1.003714e-02
7.733291e-02
2.482339e-01
6.105626e+00
5.443719e-01
6.925041e+00
1.233111e+01
1.883317e-01
2.520408e+01
9.073540e-02
1.082998e+00
