8.484242e-01
1.201166e+01
1.176878e+01
1.201899e+00
1.184930e-01
3.280690e+00
3.796221e+00
5.667310e-02
4.084069e-01
4.235839e-01
3.368944e+00
3.788686e+00
1.314786e+00
2.780033e-01
6.771869e+00
1.354183e+00
2.955624e-01
2.831990e+00
1.455902e+00
4.793640e-02
1.089714e+01
1.141657e+01
6.382184e-01
8.295995e-02
5.266067e-02
1.115411e+00
4.136350e-02
8.428551e-01
2.110769e+00
6.495195e-01
5.973449e-03
1.402719e+01
5.137359e+00
4.389234e-02
6.852143e-01
6.719286e-01
8.318582e+01
5.097712e-03
7.292978e-01
1.103045e-01
1.003699e+00
2.133384e-02
1.989194e-01
6.734964e-01
4.395000e-02
7.499728e-04
4.253152e-03
6.132218e+00
6.992292e+00
1.027018e-01
1.022326e-02
3.703374e-01
3.261452e-03
6.898925e+00
2.362531e-03
2.003678e-03
2.367021e-03
2.046351e-02
1.022508e+00
7.907428e-02
2.279286e-02
1.367220e-02
1.092626e+00
5.352055e-04
2.327253e-02
5.266016e-01
8.867702e-02
1.643638e-02
6.480461e-03
7.683877e-02
2.963051e-02
2.793976e+00
1.086572e-01
5.221768e-04
3.057996e-02
2.740172e+02
6.089875e-03
1.804224e+03
7.118723e+00
4.692265e-01
4.985824e+00
2.892726e-04
2.372778e+03
3.506450e+02
3.851149e+01
6.444896e+02
1.189891e+02
1.011709e+01
5.295966e+00
1.153354e-03
2.655778e+01
2.599674e+00
1.783869e+02
3.283021e+00
3.913264e+00
1.261813e+02
6.139380e+01
2.747863e+01
9.068790e+02
2.130455e-01
3.710989e+01
1.004443e+00
1.828186e+02
2.425236e+00
7.541828e+01
9.772730e+00
2.278744e+00
4.219138e+02
5.920648e+01
5.640931e-02
3.302406e+02
3.344255e+03
1.392039e+03
2.255786e+00
1.325283e+02
9.468631e+01
5.140216e+03
1.815527e-01
1.259186e+03
2.475723e+00
8.861642e+03
2.529607e+01
1.311082e+02
2.765531e+04
1.021598e+00
6.212812e+03
3.255389e-03
2.012144e+01
9.696976e+01
1.400622e+00
3.560174e+01
4.078203e+03
4.538945e+02
4.723473e+01
5.265137e+01
7.073264e-02
9.374245e+01
1.114153e+00
5.249433e+02
1.185728e+03
1.790459e+01
3.590485e-02
1.132231e-02
2.987123e-02
2.909985e+01
4.232251e+02
9.057916e+01
1.895285e-02
4.633291e+00
6.293448e+02
4.479403e-02
2.907050e-02
9.943535e-03
8.304622e+03
3.382169e-02
2.166944e-02
2.399395e-01
2.474080e-04
7.056839e-03
1.142019e-02
3.928807e-03
2.739762e+02
4.806882e-01
1.005123e+01
6.446558e+01
2.744225e+02
8.303532e+00
2.814077e+01
1.436781e-02
7.707208e+02
1.960906e-02
3.805709e+00
9.361909e-03
4.326741e+00
4.453510e-02
1.249560e+00
6.133244e-02
1.783951e+01
3.755353e+02
8.216222e+00
6.102995e-04
5.785372e-02
3.652522e-01
2.775568e-01
6.960722e-02
4.001397e-01
2.572875e+00
1.185551e+00
3.411091e-01
3.497519e+00
1.254937e+00
8.796185e-02
1.253563e+01
1.024695e-01
4.083858e+01
4.332959e-01
1.192874e+00
7.265706e-01
7.853044e-01
1.880831e-01
3.693535e-01
1.479783e-01
1.172176e+00
1.895847e+00
5.276241e-02
7.418680e+00
8.226054e-01
7.678125e-01
6.162094e-02
1.466343e+01
4.969609e-02
7.660639e-02
2.658904e-01
5.632564e+00
5.335751e-01
7.232840e+00
1.234559e+01
1.886750e-01
1.580433e+01
9.219652e-02
1.200431e+00
