7.269302e-01
1.209687e+01
1.212700e+01
1.126645e+00
1.191374e-01
3.289585e+00
3.786182e+00
5.701202e-02
4.098741e-01
4.146225e-01
3.639613e+00
3.417091e+00
1.317506e+00
2.966481e-01
6.707614e+00
1.397889e+00
2.981294e-01
2.806448e+00
1.461965e+00
4.819055e-02
1.107025e+01
1.137769e+01
6.466632e-01
8.357685e-02
5.261425e-02
1.104352e+00
4.068327e-02
7.689013e-01
1.806871e+00
6.608039e-01
4.114494e-03
1.096408e+01
1.273224e+00
4.694687e-02
7.452893e-01
6.810963e-01
9.335635e+01
4.419401e-03
7.601335e-01
1.082322e-01
1.026860e+00
2.266898e-02
1.967447e-01
7.601747e-01
4.358794e-02
7.347992e-04
4.189771e-03
6.231700e+00
6.928034e+00
1.055372e-01
1.022543e-02
3.593998e-01
3.337915e-03
6.476584e+00
2.296345e-03
1.925790e-03
2.437117e-03
2.061885e-02
4.255826e-01
7.907626e-02
2.828156e-02
1.387674e-02
1.113721e+00
6.302114e-04
2.350692e-02
4.965134e-01
8.778255e-02
1.567735e-02
6.787076e-03
8.233766e-02
4.495915e-02
2.742631e+00
1.103496e-01
4.588400e-04
3.121408e-02
2.809864e+02
5.829163e-03
2.187574e+03
7.652937e+00
5.037128e-01
4.592186e+00
2.205283e-04
2.354090e+03
3.621909e+02
3.803255e+01
6.707830e+02
6.880140e+01
1.044951e+01
5.396209e+00
1.105240e-02
1.582032e+01
2.341498e+00
1.772197e+02
3.301725e+00
3.904168e+00
1.175063e+02
5.622866e+01
2.770843e+01
2.903342e+02
2.103445e-01
3.578226e+01
1.103778e+00
1.781325e+02
2.418503e+00
7.542680e+01
8.457110e+00
2.215120e+00
4.544040e+02
5.982238e+01
5.646388e-02
3.350495e+02
3.401547e+03
1.417461e+03
2.305113e+00
1.594089e+02
8.549846e+01
1.272158e+04
1.839378e-01
1.313372e+03
2.455561e+00
8.589763e+03
2.540821e+01
1.280309e+02
2.712383e+04
1.555907e+00
6.568263e+03
3.286354e-03
2.094176e+01
9.545454e+01
1.408009e+00
3.342781e+01
3.930134e+03
4.536250e+02
4.829333e+01
6.039341e+01
8.877379e-02
6.417408e+01
1.157753e+00
5.229302e+02
1.206165e+03
1.869905e+01
3.610024e-02
1.125045e-02
2.998498e-02
2.905313e+01
4.164440e+02
9.321382e+01
1.888868e-02
4.664551e+00
6.316184e+02
4.583549e-02
2.965260e-02
9.856843e-03
8.043794e+03
3.402876e-02
2.364584e-02
2.390509e-01
1.879974e-04
7.605111e-03
1.291915e-02
3.866888e-03
2.643492e+02
4.655585e-01
1.109983e+01
7.116501e+01
2.767425e+02
9.209189e+00
1.061872e+02
1.555104e-02
7.721246e+02
1.901751e-02
3.821665e+00
2.344140e-01
8.180134e+02
1.097347e+00
1.011586e+00
6.525491e-02
1.749642e+01
4.477674e+02
8.153789e+00
5.950888e-04
5.858722e-02
3.580774e-01
2.648471e-01
7.054824e-02
3.742366e-01
2.667971e+00
1.124243e+00
3.434860e-01
3.588070e+00
1.248926e+00
8.753723e-02
1.214872e+01
1.076562e-01
4.342388e+01
4.360440e-01
1.112542e+00
9.235768e-01
7.636478e-01
1.798453e-01
3.528874e-01
1.414943e-01
1.141711e+00
1.882721e+00
5.183190e-02
6.671037e+00
7.840737e-01
7.674875e-01
8.611669e-02
1.455628e+01
4.940061e-02
7.688845e-02
2.582800e-01
5.667086e+00
5.346906e-01
7.085907e+00
1.244390e+01
1.878387e-01
1.584571e+01
8.991959e-02
1.096832e+00
