7.330165e-01
9.667516e+00
1.248671e+01
1.845921e-02
1.162531e-01
3.238118e+00
3.782703e+00
5.059485e-02
7.456250e-01
1.864171e-01
3.297809e+00
3.669961e+00
1.349489e+00
2.934767e-01
7.475075e+00
1.342374e+00
3.990293e-01
2.237841e+00
1.431641e+00
5.053761e-02
1.096696e+01
1.298666e+01
6.378205e-01
9.573929e-02
5.065550e-02
1.165899e+00
4.190288e-02
8.624167e-01
1.837732e+00
8.137661e-01
4.227172e-04
1.522804e+01
4.337887e+00
4.591292e-02
6.458703e-01
6.109190e-01
7.487239e+01
7.689998e-03
5.575092e-01
1.201585e-01
9.634737e-01
2.113503e-02
2.008291e-01
6.342836e-01
4.127305e-02
8.941106e-04
4.063856e-03
5.838309e+00
8.222169e+00
2.237744e-01
1.071382e-02
7.835700e-01
3.386576e-03
3.904960e+00
2.301214e-03
1.867092e-03
2.412223e-03
3.204025e-02
8.169132e-01
8.709118e-02
2.163761e-02
1.469992e-02
1.086035e+00
2.505093e+01
1.856150e-02
5.080410e-01
7.808307e-02
1.635956e-02
1.190820e-02
7.169169e-02
5.545198e+01
2.571387e+00
1.139083e-01
5.033504e-04
3.076003e-02
2.774043e+02
7.608268e-03
1.914950e+03
7.569048e+00
5.524335e-01
1.152310e+01
1.008146e-03
2.031826e+03
3.548426e+02
2.884907e+01
6.541284e+02
1.178037e+02
9.268901e+00
3.555578e+01
1.893971e-04
2.416337e+01
2.467367e+00
1.660178e+02
2.796261e+00
4.286821e+00
4.058529e+02
5.299383e+01
2.659559e+01
9.346121e+02
1.869997e-01
3.782420e+01
6.875363e-01
1.796748e+02
2.073443e+00
7.626523e+01
9.977664e+00
2.428328e+00
3.643514e+02
6.791366e+01
9.089442e-02
3.219450e+02
4.777229e+03
1.471268e+03
2.729914e+00
9.481955e+01
8.871807e+01
5.159303e+03
2.223175e-01
1.573711e+03
2.843213e+00
3.393418e+03
2.969989e+01
1.139851e+03
1.998598e+04
1.013112e+00
1.872993e+01
3.429920e-03
1.906292e+01
9.789989e+01
1.428068e+00
3.460217e+01
4.273175e+03
2.577392e+02
4.853520e+01
5.972025e+01
8.068716e-02
8.761801e+01
1.093572e+00
5.278989e+02
1.165711e+03
1.788974e+01
2.254991e-02
1.076183e-02
2.277716e-02
2.862713e+01
3.846027e+02
9.167426e+01
1.805765e-02
4.563238e+00
6.688658e+02
4.554573e-02
3.963369e-02
2.662767e-02
6.140131e+03
3.570011e-02
2.291399e-02
2.281839e-01
6.946661e-04
1.209941e-04
1.202328e-02
3.599107e-03
2.612597e+02
4.994998e-01
9.874014e+00
5.281490e+01
2.457587e+02
8.668525e+00
2.813708e+01
1.612302e-02
6.000218e+02
1.768915e-02
3.865282e+00
8.326525e-03
3.267398e+00
3.230941e-02
1.071331e+00
5.750185e-02
1.519071e+01
3.490379e+02
8.918198e+00
3.389138e-04
5.813267e-02
3.658808e-01
2.781693e-01
6.252582e-02
4.036249e-01
2.489189e+00
1.201236e+00
3.101722e-01
1.629572e+00
1.287126e+00
1.001584e-01
7.862304e+00
1.302683e-01
4.022809e+01
4.311240e-01
1.156575e+00
8.585495e-01
3.979312e-01
1.929766e-01
3.730635e-01
3.008893e-01
1.210384e+00
2.060601e+00
4.689859e-02
7.417742e+00
8.061161e-01
7.949166e-01
6.214343e-02
1.470973e+01
4.228413e-02
5.918123e-02
6.873091e-02
5.701308e+00
5.026299e-01
6.858169e+00
1.250246e+01
3.014671e-01
1.542379e+01
7.788409e-02
8.645382e+00
