2.305595e+01
7.776793e-02
2.341401e-02
1.038540e+01
7.013837e+00
7.425978e+00
5.179337e+00
1.194998e+01
4.391543e-01
3.532764e-01
8.898788e+00
7.347872e+00
1.365976e+01
1.106712e+01
1.007126e-01
3.469032e-02
8.972788e+00
2.361081e+00
7.768080e-01
2.958354e-01
4.665229e+01
1.761970e+01
2.690705e-01
4.643552e-02
6.452812e-01
4.109971e+00
1.945109e+00
2.641803e-01
5.447513e-01
1.121346e+00
5.842918e-03
4.971116e+00
4.865541e+00
3.611918e-01
1.452327e+01
3.525067e-01
1.854544e+01
5.953137e+00
1.007745e+00
8.192769e-02
4.683095e-02
2.117994e-01
1.243004e-01
4.964236e-02
1.917388e-01
1.390051e-01
1.391864e+00
1.503191e+00
1.545145e-02
2.094040e+01
8.155229e-01
7.526495e-01
1.469212e+00
8.512588e-02
3.769638e-02
6.404876e-01
9.409634e-03
1.786153e-01
1.638602e-01
1.135812e-02
2.124920e-02
1.825125e+00
2.754197e-01
6.270432e-04
6.093295e+00
1.073136e+01
6.174630e-03
3.122949e-03
2.953134e-01
3.977958e+00
2.727360e-01
1.225129e-01
2.976324e-01
7.603834e-02
2.212263e+00
9.956089e-03
4.418781e+01
1.527268e-03
8.655401e-03
4.317260e-03
5.654804e-02
4.794850e+00
2.363233e+04
3.184115e+04
1.966479e+01
3.531538e-02
5.310113e-01
1.133603e-03
1.448075e+00
3.728302e+01
2.629758e+01
2.132902e+03
4.640572e+02
3.794968e+02
3.566102e+02
5.167325e+03
4.136118e+02
2.798318e+04
1.968308e+02
8.786034e-02
4.682848e+00
1.675888e-03
2.042348e+03
7.969813e-03
2.431353e+03
6.733796e-03
1.595721e+01
1.036690e-01
4.377535e+02
1.383377e+00
9.343417e+02
1.119577e+00
5.059565e+00
9.355985e+02
1.099422e-02
4.860629e+00
2.406385e+02
1.777269e+00
6.725610e-03
6.546168e-02
1.127799e+00
1.807228e-01
3.911021e-02
5.109794e-03
1.968564e+03
5.727023e-02
1.277562e+00
1.060655e+02
1.234540e+01
1.940231e-02
1.421118e+02
9.850621e+02
2.296921e+02
8.396379e+00
2.868070e+02
5.826870e-03
6.105998e+02
7.120783e-01
2.250537e+02
1.753516e-01
7.484181e+00
1.802232e-01
5.411941e-02
2.933330e+03
1.022735e+03
3.304373e-02
1.288580e+01
9.635503e-01
3.805386e+01
2.545818e+00
7.287393e-04
6.302301e-04
2.559239e-04
2.396958e+03
7.266325e+00
5.175451e+04
2.010531e-03
1.155466e+00
4.569972e+00
3.872487e-02
1.483304e+00
4.723377e-04
2.486518e+04
5.020413e+00
2.412883e+02
3.635452e+03
9.837947e-01
1.738942e+02
1.701678e+01
1.664160e+00
5.591969e-03
2.043711e-01
4.970401e-03
1.150683e+01
4.773836e+02
4.775512e+02
7.328139e+02
4.908197e+00
1.930020e-02
5.703564e+02
1.295854e-01
1.117810e-02
3.486439e+00
1.007889e-02
5.283153e+00
1.148717e+01
1.648245e-01
9.692399e+01
2.544243e-01
3.585834e+00
4.825913e-01
5.167065e-01
2.385087e+00
3.271186e+00
4.003271e+00
3.276697e-01
2.912839e+00
1.118195e-01
3.074763e+01
4.991559e+00
4.803738e+00
8.483101e+00
1.954065e-01
2.851150e+00
8.652731e-01
3.460968e-02
5.294548e-01
1.776615e+00
6.789427e-01
4.668811e+01
4.428116e+00
1.444972e+00
7.388902e+00
5.293833e+00
1.560959e+00
2.696300e-01
7.345824e+01
3.844030e+00
3.682051e+01
1.286127e+01
2.515068e+02
