8.010889e-01
6.429638e+00
1.254643e+01
1.803071e-02
1.266048e-01
3.363925e+00
3.984487e+00
4.992310e-02
6.573158e-01
1.774539e-01
9.519673e+00
3.663637e+00
1.353637e+00
2.885936e-01
1.197899e+01
1.262276e+00
2.723785e-01
2.215963e+00
1.358076e+00
5.275055e-02
1.096061e+01
1.143663e+01
6.465635e-01
9.749584e-02
4.996791e-02
1.209385e+00
4.354446e-02
8.801019e-01
2.045001e+00
8.103246e-01
4.827683e-04
1.773905e+01
4.850059e+00
4.494417e-02
5.434522e-01
6.225372e-01
8.784720e+01
7.327616e-03
5.563158e-01
1.342373e-01
9.597350e-01
2.143590e-02
2.190585e-01
6.712494e-01
4.159515e-02
1.020249e-03
3.984161e-03
6.151048e+00
9.027494e+00
2.313052e-01
9.161942e-03
9.403256e-01
3.307515e-03
4.062810e+00
2.294238e-03
1.787152e-03
2.601857e-03
2.567235e-02
8.992661e-01
7.929399e-02
2.441771e-02
1.424968e-02
1.113188e+00
8.180821e+00
1.855814e-02
4.758653e-01
7.064756e-02
1.616334e-02
1.216310e-02
6.728728e-02
2.781109e+01
2.171426e+00
9.971449e-02
4.405549e-04
3.290852e-02
2.012053e+02
1.202336e-02
2.433429e+03
7.297029e+00
5.478156e-01
1.150066e+01
6.206410e-04
2.306840e+03
3.718289e+02
1.029833e+01
6.723875e+02
1.425361e+02
1.029878e+01
3.703739e+01
9.775671e+00
2.480093e+01
2.309190e+00
1.717523e+02
2.731713e+00
4.545933e+00
3.890962e+02
5.422685e+01
2.807700e+01
6.299028e+02
1.705590e-01
4.109265e+01
7.080185e-01
1.300540e+02
2.040930e+00
7.319853e+01
9.885062e+00
2.466080e+00
3.551557e+02
6.992316e+01
1.013256e-01
3.224892e+02
5.609927e+03
1.599586e+03
3.115687e+00
7.564112e+01
9.714660e+01
5.396829e+03
2.280083e-01
1.499399e+03
2.781866e+00
3.875039e+03
2.925065e+01
1.126514e+03
2.627207e+04
9.191032e-01
4.254791e+01
3.167428e-03
1.939795e+01
9.086255e+01
1.801037e+00
3.448695e+01
9.753714e+03
2.162021e+02
1.025246e+01
5.812457e+01
7.897945e-02
8.435766e+01
1.126231e+00
3.316146e+02
1.241883e+03
3.619881e+01
2.282916e-02
1.219686e-02
2.372657e-02
2.997673e+01
3.805523e+02
9.559850e+01
1.853931e-02
4.508630e+00
8.487743e+02
5.075507e-02
5.023932e-02
2.513168e-02
9.043010e+03
2.479392e-02
2.256817e-02
2.331376e-01
6.018382e-04
2.587329e-04
1.180710e-02
3.865482e-03
2.868690e+02
6.091967e-01
9.157906e+00
5.154059e+01
1.535384e+02
6.227102e+00
2.752730e+01
1.453846e-02
6.650941e+02
1.857452e-02
3.399282e+00
9.759387e-03
3.180965e+00
3.428188e-02
1.140016e+00
5.387415e-02
1.563935e+01
3.460183e+02
8.396012e+00
3.774279e-04
5.580031e-02
4.757759e-01
2.389230e-01
5.723083e-02
3.580563e-01
2.484373e+00
1.133877e+00
2.542731e-01
1.634988e+00
1.303811e+00
1.010152e-01
7.784941e+00
1.323891e-01
4.133483e+01
4.247603e-01
1.150654e+00
4.873016e-01
4.149242e-01
1.659725e-01
3.655844e-01
2.683512e-01
1.171441e+00
2.187369e+00
4.863726e-02
7.318640e+00
8.482593e-01
7.371274e-01
3.414567e-02
1.326824e+01
4.511038e-02
5.503826e-02
6.862593e-02
5.790925e+00
6.399341e-01
6.016035e+00
1.276757e+01
2.702965e-01
1.536953e+01
7.666455e-02
7.578315e+00
