6.504233e-01
6.797586e+00
1.195303e+01
4.584601e-02
1.794447e-01
3.210371e+00
3.532902e+00
2.018435e-02
7.275176e-01
2.114420e-01
3.205271e+00
3.096701e+00
1.264704e+00
3.820811e-01
1.496810e+01
1.314174e+00
2.732945e-01
3.833100e+00
1.637454e+00
1.819943e-02
1.007336e+01
2.034796e+01
2.819093e-01
4.322349e-01
2.008379e-02
2.541232e+00
1.498523e-01
8.359481e-01
1.071982e+00
1.494805e+00
8.423364e-04
2.167090e+01
6.017725e+00
1.189561e-01
7.208887e-01
4.962696e-01
1.604342e+01
6.182139e-03
5.651874e-01
1.271403e-01
6.568172e-01
3.698033e-02
1.817927e-01
4.446227e-04
4.491960e-02
1.444938e-03
6.045877e-03
4.833329e+00
7.315649e+00
2.233149e-01
1.644917e-02
4.607798e-01
4.352567e-03
1.027750e+00
2.657823e-03
3.263655e-03
5.986410e-03
4.333621e-02
1.005324e+00
9.622717e-02
2.639592e-02
1.616645e-02
1.105311e+00
9.433572e-03
1.680531e-02
7.312386e-01
9.002468e-02
1.381893e-02
3.761570e-01
2.811582e-02
6.080059e+00
4.113835e+00
1.926778e-01
1.192314e-03
1.529124e-01
1.077132e+02
7.235517e-03
3.629899e+02
7.841375e+00
3.404721e-01
9.465161e+00
2.986072e-03
2.092965e+02
3.196138e+02
1.780443e+01
2.540391e+02
2.783082e+02
1.044232e+01
3.146362e+01
4.128777e-04
2.388417e+01
2.867293e+00
2.556878e+02
1.442618e+00
4.968963e+00
1.427654e+02
6.609440e+01
1.008372e+00
1.231701e+03
3.833359e-01
3.813314e+01
7.475347e-01
1.436606e+02
5.428216e-01
7.050104e+01
5.097343e+00
3.729815e+00
2.011727e+02
8.615743e+01
8.633971e-02
3.098302e+02
9.275640e+02
2.085101e+02
2.634570e+00
6.833919e+01
6.572826e+01
5.062957e+03
1.834145e-01
4.476786e+02
2.088235e+00
6.847082e+03
2.029329e+01
4.479670e+02
1.472070e+04
2.364387e+00
1.245449e+01
2.564650e-02
1.613783e+01
9.652640e+01
7.828665e-01
2.991487e+01
2.159520e+03
2.703313e+02
1.547608e+01
6.888645e+01
1.658821e-01
5.003316e+01
1.242020e+00
4.566581e+02
7.900870e+02
2.089442e+01
5.647576e-01
9.275957e-03
2.789568e-02
3.163474e+01
2.084521e+02
1.564979e+02
1.636192e-02
6.567885e+00
9.995910e+02
3.995821e-02
1.236914e-01
5.064153e-02
3.054683e+03
1.739596e-02
6.126958e-01
2.044974e-01
3.511922e-03
3.651255e-04
1.371484e-03
5.031533e-04
2.238004e+02
1.971899e-01
7.240937e+00
1.640869e+02
2.198871e+02
9.910777e+00
1.151050e+02
1.471135e-02
8.501619e+02
1.519243e-02
4.216325e+00
1.380957e-02
4.148693e+00
1.507208e-02
1.489811e+01
6.146102e-04
1.375070e+01
3.430645e+02
8.278756e+00
2.046446e-04
5.948732e-02
4.291841e-01
2.507966e-01
8.116930e-02
2.337383e-01
3.428540e+00
9.074277e-01
2.771021e-01
1.644451e+00
7.553856e-01
1.060000e-01
8.610292e+00
8.675273e-02
4.932920e+00
6.817514e-01
1.389779e+00
5.733992e+00
3.711625e-01
1.978305e-01
2.992807e-01
1.466494e-01
1.035965e+00
2.619959e+00
2.732972e+00
9.688604e+01
8.512541e-02
1.204978e+00
1.252952e-01
7.034380e+00
4.572862e-02
6.355940e-02
5.916748e-02
5.480894e+00
6.124452e-01
6.262126e+00
1.415627e+01
2.445130e-01
1.685219e+01
7.440625e-02
7.155551e+00
