2.280173e+01
7.559068e-02
1.927334e-02
9.987687e+00
7.878607e+00
7.690922e+00
5.339276e+00
1.090973e+01
4.425784e-01
3.395681e-01
9.291351e+00
7.074998e+00
1.444851e+01
1.101038e+01
1.015610e-01
3.242650e-02
5.790107e+00
2.375161e+00
7.601012e-01
2.982709e-01
4.913603e+01
1.728528e+01
2.853312e-01
4.712328e-02
6.095360e-01
4.197551e+00
2.010066e+00
2.559814e-01
5.637819e-01
1.207254e+00
5.707906e-03
1.108702e+01
4.315840e+00
3.681390e-01
9.848171e+00
4.011788e-01
1.879595e+01
5.859477e+00
1.259239e+00
8.206116e-02
4.818598e-02
2.172342e-01
1.141996e-01
5.966623e-02
1.904278e-01
1.387822e-01
1.930526e+00
1.520290e+00
1.527130e-02
1.908959e+01
9.194379e-01
5.821957e-01
1.256717e+00
9.091382e-02
3.588457e-02
6.255876e-01
9.637463e-03
2.032594e-01
1.581786e-01
1.074044e-02
2.553867e-02
1.841278e+00
1.270827e-01
1.491570e-03
6.111814e+00
1.189587e+01
5.826727e-03
2.858521e-03
2.770213e-01
3.819339e+00
2.629747e-01
1.179225e-01
3.385774e-01
7.123033e-02
2.305351e+00
9.074361e-03
3.789404e+01
1.645306e-03
8.795865e-03
4.168192e-03
3.091024e-01
5.455663e+00
2.825372e+04
2.779838e+04
2.565987e+01
3.659424e-02
4.859552e-01
1.102787e-03
4.087517e+00
4.061687e+01
2.576100e+01
2.018341e+03
4.787574e+02
3.641176e+02
3.695234e+02
4.941185e+03
4.350039e+02
3.953529e+04
1.925146e+02
1.128399e-01
6.097262e+00
1.676398e-03
1.973919e+03
7.249556e-03
3.005475e+03
5.610871e-03
1.362290e+01
9.404221e-02
3.929362e+02
1.494933e+00
7.856165e+02
1.039128e+00
6.203917e+00
9.906323e+02
5.394961e-03
5.402656e+00
3.867957e+02
1.517706e+00
6.402241e-03
9.018852e-02
9.746642e-01
1.796736e-01
4.656064e-02
4.875818e-03
1.875959e+03
5.060856e-02
2.910778e-01
1.069383e+02
1.341179e+01
1.531980e-02
1.422853e+02
8.157507e+02
2.357112e+02
7.856817e+00
2.890664e+02
6.007883e-03
6.305427e+02
7.430375e-01
2.432174e+02
1.666556e-01
7.561976e+00
1.732601e-01
5.735668e-02
3.181361e+03
1.022705e+03
3.716150e-02
1.251560e+01
4.705147e-01
4.763790e+01
1.993577e+00
7.224967e-04
5.907148e-04
1.349083e-04
2.330014e+03
8.045454e+00
2.815222e+04
1.921892e-03
1.941842e+00
4.611994e+00
4.223014e-02
1.428330e+00
4.497234e-04
1.412457e+04
4.762053e+00
2.109349e+02
4.481943e+03
1.126240e+00
1.469786e+02
1.688489e+01
1.581187e+00
5.729427e-03
1.886915e-01
4.762406e-03
1.014367e+01
1.184332e+04
4.234998e+02
7.716179e+02
5.809303e+00
2.457025e-02
6.298198e+02
1.346976e-01
9.506018e-03
3.525675e+00
1.000928e-02
4.960843e+00
1.292593e+01
1.544264e-01
9.599837e+01
2.765341e-01
3.605630e+00
4.470651e-01
5.144917e-01
2.189775e+00
3.396538e+00
3.978229e+00
3.406118e-01
6.314737e+00
1.305486e-01
3.199694e+01
5.191142e+00
5.764181e+00
8.152678e+00
1.564243e-01
2.994150e+00
8.314680e-01
3.321654e-02
4.934496e-01
1.492000e+00
7.041644e-01
4.695518e+01
4.300469e+00
1.405511e+00
7.469656e+00
4.330663e+00
1.636857e+00
2.893768e-01
8.114656e-02
3.803628e+00
3.810894e+01
2.723131e+01
2.383952e+02
