2.288285e+01
7.593851e-02
1.869553e-02
9.789599e+00
7.960607e+00
7.779245e+00
5.374465e+00
1.113651e+01
4.449769e-01
3.323416e-01
9.416943e+00
7.500721e+00
1.459377e+01
1.086867e+01
1.007417e-01
3.205568e-02
5.763084e+00
2.365249e+00
7.506529e-01
3.132856e-01
5.032407e+01
1.701994e+01
2.888416e-01
4.303566e-02
6.076558e-01
4.364081e+00
2.101758e+00
2.588153e-01
5.627859e-01
1.215683e+00
5.862484e-03
1.244261e+01
4.157114e+00
3.684898e-01
9.316878e+00
4.053090e-01
1.901252e+01
5.810541e+00
1.323559e+00
8.179771e-02
4.860653e-02
2.133533e-01
1.168302e-01
6.126462e-02
1.916263e-01
1.397134e-01
1.917941e+00
1.493429e+00
1.541048e-02
1.788355e+01
9.067122e-01
5.834808e-01
1.231418e+00
8.841824e-02
3.489110e-02
5.393959e-01
9.539167e-03
2.072608e-01
1.500011e-01
2.497469e-02
2.617883e-02
1.876005e+00
1.226493e-01
1.484015e-03
6.038665e+00
1.207253e+01
5.936967e-03
2.977438e-03
2.822742e-01
3.817059e+00
2.601741e-01
1.281309e-01
4.766641e-01
7.078588e-02
2.378120e+00
8.884950e-03
3.646640e+01
1.614523e-03
8.776039e-03
4.395674e-03
3.340385e-01
4.767489e+00
2.180285e+04
2.514369e+04
2.805388e+01
3.622167e-02
4.741802e-01
1.109514e-03
4.135568e+00
4.079611e+01
2.534354e+01
2.062784e+03
4.833931e+02
4.011368e+02
3.839227e+02
5.060047e+03
4.395420e+02
4.086712e+04
1.941365e+02
1.134384e-01
1.135898e+01
1.652583e-03
1.859933e+03
7.279952e-03
2.973865e+03
5.957682e-03
1.370735e+01
1.054924e-01
3.844481e+02
1.545933e+00
7.800222e+02
1.087116e+00
5.960881e+00
9.792376e+02
5.255054e-03
5.440843e+00
3.874432e+02
1.482301e+00
6.449106e-03
8.168065e-02
1.011344e+00
1.795192e-01
4.748738e-02
4.849528e-03
2.038198e+03
5.165078e-02
2.832133e-01
1.036578e+02
1.339439e+01
1.390636e-02
1.434148e+02
8.155778e+02
2.324737e+02
7.903527e+00
2.904969e+02
5.605712e-03
6.174862e+02
7.718395e-01
2.412887e+02
1.772025e-01
7.629055e+00
1.792545e-01
5.717198e-02
3.220969e+03
1.005612e+03
3.365989e-02
1.263805e+01
4.349710e-01
4.501497e+01
2.028992e+00
7.256035e-04
6.121573e-04
1.193487e-04
2.338708e+03
8.424149e+00
2.800325e+04
1.925533e-03
1.912394e+00
5.275592e+00
4.464575e-02
1.441271e+00
4.403616e-04
1.587478e+04
4.340515e+00
2.065988e+02
5.466499e+03
1.017847e+00
1.496797e+02
1.624965e+01
1.615893e+00
5.737202e-03
1.891711e-01
4.553526e-03
1.001567e+01
1.467048e+04
4.222128e+02
8.971557e+02
6.427266e+00
2.474738e-02
6.405563e+02
1.300568e-01
9.516671e-03
3.547423e+00
1.000581e-02
7.060488e+00
1.285167e+01
1.552418e-01
9.807279e+01
2.754396e-01
3.489233e+00
4.541709e-01
4.930521e-01
2.198529e+00
3.359291e+00
3.796397e+00
3.425112e-01
7.129513e+00
1.293382e-01
3.094828e+01
5.181737e+00
5.793272e+00
8.169666e+00
1.526206e-01
3.008546e+00
5.707641e-01
3.331811e-02
4.811622e-01
1.496237e+00
7.104653e-01
4.740380e+01
4.273738e+00
1.380149e+00
7.409897e+00
4.293621e+00
1.726402e+00
3.468619e-01
7.617317e-02
3.770532e+00
3.799824e+01
2.798567e+01
2.368440e+02
