9.803213e-02
1.634330e+01
3.541668e+00
4.710744e-02
8.288671e-01
2.329852e-01
9.586687e-01
1.491592e-01
3.114807e-02
1.034466e+01
2.784845e-02
7.429948e+00
8.215219e-01
1.117142e+01
7.565670e-01
3.204658e+01
1.541764e-01
2.045073e+00
2.787558e-01
2.327457e-02
8.728891e-01
6.204142e-01
4.629226e-02
2.128822e+01
1.670593e-01
3.078151e+00
7.191750e+00
6.282038e+00
2.547203e+00
9.342390e-01
9.296535e+00
1.053845e+00
5.337215e-03
2.302382e+00
3.318587e-01
1.375765e+01
6.814138e+00
1.013740e-02
2.811399e-01
3.269883e-02
4.474971e-03
2.146476e+00
2.313201e-01
6.034265e-02
1.879217e+01
8.661260e-01
4.533566e-03
2.591391e-02
4.850237e-02
9.539565e-01
3.135018e+01
3.513993e-04
6.525089e-04
1.082598e+01
4.989323e-01
3.048717e-03
8.526410e-04
4.941065e-02
4.547022e-03
5.490627e-01
1.658709e-03
1.254829e-03
1.832226e-01
1.086777e+00
3.507612e-03
9.888483e+00
2.704633e-04
8.284949e-04
9.234699e-03
3.017977e-02
9.641236e-01
5.396383e-02
1.295161e+00
1.978626e+00
8.643909e-02
1.746630e+04
1.908010e-01
8.774047e+02
2.330487e+01
4.115440e+01
9.556203e+00
2.717944e+03
4.168670e-02
3.033301e-02
3.022405e+00
1.026381e+01
1.182893e+01
5.383542e+02
1.015496e+02
2.647571e+02
1.469790e+01
1.441423e+02
3.896159e+03
4.449324e-01
6.400521e+00
2.116313e+01
6.362150e+01
6.486681e+02
5.386765e+01
9.208292e-02
8.535322e+02
1.240643e-03
4.203762e+01
9.626828e+00
1.185205e+02
1.244339e-02
4.585002e+01
5.001992e-03
2.729333e+03
5.395886e-03
1.414063e+02
1.408232e+02
2.727874e+00
7.098785e-04
4.603040e-03
4.817070e-01
4.427514e+00
1.889827e+01
4.029247e+02
8.904918e+01
1.894930e+03
5.744762e+01
6.364130e+02
5.147376e+03
1.495204e+02
4.520105e+02
6.335404e-03
9.661046e+00
4.205183e+02
8.162463e-03
7.674238e+01
1.596722e+01
4.729770e+01
3.851693e+02
2.303509e+01
1.173806e+01
8.599527e+00
1.904683e-02
6.960359e+00
5.742702e-03
7.702576e+02
8.679308e-02
1.572887e-02
3.429602e-03
1.562314e+03
4.342120e+02
1.068857e+01
8.299984e-02
1.782835e+03
4.500672e+02
3.796605e-04
1.473603e-02
7.077540e+02
6.163302e+02
9.431735e+04
1.271875e+00
5.476700e+03
1.230486e-03
8.651111e+04
2.108253e-02
6.743773e-02
2.119587e-02
4.982889e+01
1.247806e+02
1.344690e-02
1.162989e+01
6.660858e+00
1.070756e+03
7.997694e-02
5.633950e+03
1.360584e-01
1.062176e-01
9.791284e-01
1.632984e+02
3.836025e+00
1.629083e+02
9.349604e-03
6.243407e+02
2.171531e+00
6.550924e+01
2.625383e-03
3.718534e-04
3.994833e-01
9.427060e-01
7.806824e-02
2.737713e+00
3.804264e-01
4.534728e-02
3.023890e+00
1.738102e-01
2.002210e+00
3.789381e-01
1.227529e-01
3.306761e+00
1.231402e-02
2.127555e+00
7.378568e-01
3.491192e-01
5.739241e-01
1.221884e+01
6.894184e-01
9.092197e-02
7.409209e-02
1.366622e-01
7.456668e-01
8.195225e+00
5.908747e+00
1.322504e-01
1.425825e-01
4.039142e+01
3.645583e+01
1.216409e+00
2.892924e+00
1.146054e+01
2.092858e+00
6.410389e-01
7.943261e-01
2.873500e-02
1.444404e+00
1.380790e+00
1.544913e+01
