1.266578e+00
1.622815e-02
8.847615e+00
8.848245e+01
9.045213e-02
7.123227e-01
8.802879e+01
3.313738e-02
1.036618e+01
4.754069e+00
2.574481e+00
3.240173e+00
8.231021e-02
8.391961e+01
2.835765e-02
3.533572e-02
1.693673e-01
2.183310e-02
4.228033e-01
4.141631e+01
1.423188e-02
6.050548e+01
1.501199e-01
3.514980e-02
1.970951e-02
6.240321e-01
3.151529e-01
4.785592e-01
1.821956e-02
1.613092e+01
6.689873e-02
9.772972e+00
1.640550e+01
2.717762e+01
4.590333e-04
2.685718e-01
3.951291e-03
1.886383e-03
7.953065e+01
1.049877e-04
2.194511e-02
1.180286e+00
1.935883e-04
5.716669e-02
5.664721e-02
2.198107e+00
1.536188e-01
2.935489e-01
8.992104e-02
1.309573e+00
3.235143e-01
7.320524e-04
2.941895e-04
3.641613e-04
2.039749e-02
2.777844e-03
1.008683e-04
4.944948e+01
2.262268e-03
6.113083e-01
3.833669e-03
4.891184e-03
2.037602e+00
1.589216e-04
3.164686e+00
1.236100e+00
4.886674e+01
6.584206e+00
2.647149e-04
1.086751e+00
9.495100e-03
3.560927e-04
1.840507e-01
3.200541e-01
9.506349e-01
3.532324e+02
2.549134e+04
4.205065e-04
4.061721e-04
9.082671e+03
1.075452e+00
3.550622e+01
2.762822e+01
2.044672e-04
7.179399e+04
2.374220e+03
5.430767e+03
5.646626e-01
1.034567e+01
4.928710e-01
2.548218e+01
3.027298e+01
3.915739e+01
1.576158e-03
2.257423e+00
5.534587e-02
1.305266e+01
1.589805e+02
2.737660e+00
1.189905e+04
5.523914e+00
3.428502e+04
3.517900e+03
4.001766e+02
5.657786e+01
1.337555e+03
8.030489e+03
3.227556e-02
2.201491e+00
8.295413e-03
8.957092e+01
5.611066e+03
1.691719e+01
1.473639e-03
7.215668e-03
9.068367e-04
2.035882e+04
9.523186e-04
3.812420e+02
7.091961e+03
1.491291e+00
5.684076e+02
2.270962e+04
2.116451e-02
1.535900e-03
5.940202e+01
1.172836e+04
2.050122e+02
1.185311e+01
2.283005e+01
5.920637e+01
8.782767e-03
2.141143e+02
1.622047e+03
1.460935e+00
2.154360e+02
1.321722e+01
3.660058e-02
2.770018e+01
2.871279e-01
7.567437e+01
5.385764e-01
4.531178e-02
5.346491e-04
2.843279e+02
1.544344e-02
2.852834e+04
2.797693e-02
1.097575e-04
2.191585e+03
1.758938e-03
3.412913e-02
1.030662e+04
4.842813e-02
1.480409e+03
6.232556e-01
3.335135e-04
8.838238e-04
5.158353e+02
5.050834e+00
1.245704e-02
1.075235e-01
2.599072e-01
4.860039e+00
1.638811e-02
1.834941e+00
9.659331e-04
1.066334e+03
3.900273e+01
1.376820e+04
1.211704e-03
3.564492e+03
1.370652e+02
2.197175e+02
5.466443e-03
5.209437e+00
1.214574e+02
1.552461e+03
3.618315e+02
5.619867e+00
2.053244e-02
7.089772e-04
1.236210e+00
1.673395e-01
3.060801e-02
3.275457e-01
3.425349e-02
3.425835e+01
6.071833e-02
4.258533e+00
1.160902e+01
1.097130e-02
1.159739e+00
1.265482e-01
2.155612e+01
3.267796e+01
2.771192e-02
2.351624e-02
4.027844e+00
7.031699e-01
1.908675e-02
1.060876e-01
1.810807e-01
2.691065e+01
9.822550e-02
9.908520e+01
3.584921e+00
5.764528e-01
1.401719e+00
3.203892e-02
2.600626e+00
8.841964e+01
2.396913e+00
1.526358e-02
7.002985e-01
5.331981e+00
1.132195e-02
2.051139e+00
2.007547e-01
5.448204e-01
3.335060e+01
