5.152853e-02
1.659633e+01
1.231102e+01
4.590784e-02
9.799057e-01
2.099956e-01
9.920912e-01
1.779916e-01
3.466607e-02
9.469396e+00
3.426793e-02
7.433178e+00
5.865186e-01
1.451158e+01
7.879373e-01
4.143611e+01
2.953740e-01
2.132356e+00
2.948117e-01
9.780171e+01
5.437829e-02
6.548558e-01
5.057320e-02
2.057804e+01
1.652828e-01
2.879857e+00
6.969221e+00
5.574802e+00
2.592338e+00
8.539486e-01
7.733844e+00
9.858846e-01
5.229653e-03
1.843753e+00
3.207663e-01
3.029475e+01
5.266632e+00
1.001343e-02
1.224452e-04
3.228567e-02
4.070575e-03
2.072117e+00
2.205754e-01
5.486197e-02
9.526547e+00
8.932194e-01
4.485832e-03
7.066398e-02
5.013988e-02
1.326160e+00
9.747812e+01
3.288598e-04
5.249875e-04
1.134933e+01
5.147841e-01
2.888590e-03
7.680356e-04
4.886294e-02
4.606983e-03
5.488277e-01
1.730487e-03
1.145546e-03
2.231676e-01
1.141872e+00
4.723636e-02
8.883833e+00
7.055125e-04
8.804959e-04
4.022220e-03
3.368155e-02
1.042109e+00
4.202897e-02
1.484743e+00
2.653921e+00
5.619191e-02
2.085219e+04
2.157165e-01
5.978840e+02
2.097963e+01
3.557937e+01
6.289915e+00
9.658762e+04
2.444611e-02
2.817696e-02
2.928406e+00
1.189315e+01
1.205070e-03
6.491468e+02
1.065987e+02
8.641593e-01
1.423362e+01
9.332761e+04
1.412420e+03
5.223904e-01
1.553908e+01
5.751650e+02
5.612107e+01
3.735300e+02
5.468105e+01
7.178953e-02
8.619667e+02
1.281983e-03
4.205565e+01
8.223970e+00
2.778902e+01
1.347740e-02
3.429790e+01
3.965681e-03
2.729331e+03
5.680481e-03
1.424868e+02
1.263976e+02
2.830765e+00
1.971303e-03
6.325765e-03
4.788977e-01
5.076175e+00
1.133643e-02
4.026741e+02
9.232070e+01
1.583322e+03
4.570770e+01
5.308794e+02
6.039130e+03
1.843809e+02
4.246958e+02
1.104075e-02
1.498992e+01
3.385606e+02
6.816498e-03
8.800921e+01
1.471120e+01
4.822708e+01
3.753933e+02
2.252006e+01
9.389502e+00
8.324286e+00
1.861854e-02
6.992096e+00
9.243962e-03
7.346780e+02
2.179575e-02
1.599737e-02
3.163043e-03
1.421112e+03
3.063691e+00
1.230736e+01
8.589017e-02
2.049653e+03
4.645617e+02
4.673534e-04
2.289072e-02
1.221645e+02
5.988420e+02
9.365641e+04
1.163926e+00
8.398412e+04
1.479708e-03
4.046187e+04
2.121172e-02
5.981900e-02
1.135442e+01
4.406606e+01
1.236609e+02
2.667621e-02
1.093218e+01
5.640641e+00
1.338905e+03
1.593645e-02
5.028581e+03
2.062554e-01
1.313079e-01
1.343945e+00
1.832068e+02
1.125117e+01
4.576687e+00
3.153964e-03
6.685770e+02
2.483774e+00
1.510139e+02
2.423612e-03
3.764897e-04
1.810378e+00
1.830751e+00
7.833141e-02
3.441867e+00
3.766997e-01
1.139072e-02
2.142524e+00
1.745154e-01
3.285501e+00
3.630773e-01
1.271106e-01
2.774784e+00
1.604634e+00
2.355820e+00
1.109088e-02
3.516615e-01
5.769255e-01
1.568293e+01
6.518551e-01
7.770140e-02
6.696402e-02
1.298577e-01
7.252044e-01
1.300691e+01
6.216346e+00
1.058038e-01
1.092496e-01
9.971290e+01
2.795561e+00
1.199382e-01
2.464554e+00
9.078395e+00
2.252899e+00
5.932698e-01
1.492533e+00
3.399422e-02
2.308369e+00
1.133219e+00
1.479057e+01
