2.487260e+01
8.821226e+01
2.116526e-02
1.405188e+00
5.697875e-01
7.083908e+00
3.903462e+00
5.308548e+01
1.375711e-01
1.747940e-01
5.262056e+00
1.811439e+01
1.412987e+01
3.423872e-02
8.905249e-01
9.007688e-02
4.630054e-01
9.675753e-01
1.371411e-01
1.310229e-01
1.661264e-01
1.670197e+00
3.642204e+00
2.301934e+00
3.015335e+00
6.210329e+00
8.972645e-02
1.037694e+00
2.586376e-02
6.081574e+01
1.453245e+01
3.351123e-02
6.700695e-03
2.355900e+00
4.386469e-01
1.711685e+01
1.548423e-01
1.713505e-01
7.527098e+00
4.350928e-04
7.589216e-02
5.082433e-02
9.454428e-04
3.663051e-03
3.726382e-03
1.627846e+00
2.262402e-03
2.127443e-03
1.550522e-01
8.016738e-03
8.870674e-03
1.276484e+01
1.219676e-03
8.126885e-04
1.825708e-01
3.787457e-01
1.835453e+00
1.716967e+00
5.853619e-04
6.192404e-02
3.874048e-01
8.350134e-02
2.448010e-02
4.722111e-04
1.189710e+00
3.329325e+00
3.728671e+00
1.636388e+00
2.288361e+01
6.200292e-02
2.527760e-03
3.517180e-02
1.435802e+00
2.529796e-01
3.859516e-01
1.321833e+04
3.215813e-03
2.269348e+00
2.339094e-03
3.164846e+00
3.111614e+03
1.009558e+02
1.929023e+02
1.754038e+01
4.834588e-01
2.513544e+02
1.675626e+00
6.468549e+02
3.837234e+00
5.674592e+03
1.166445e+02
2.247312e+03
1.480649e+02
8.047648e+03
2.126334e+03
4.581132e-01
6.472492e+01
8.378485e+04
1.711289e+02
1.293138e-02
5.175358e+00
7.549812e+00
8.250680e+00
1.155251e-02
4.247688e+02
3.705037e-01
6.620613e+00
4.489304e+02
1.982891e+02
2.722514e-02
6.540720e+01
2.189503e+00
2.887001e+00
8.642674e-01
3.272241e+00
2.795816e-02
2.694109e-01
3.360265e-02
7.388964e+01
2.106894e+02
7.095453e+01
4.429300e-03
8.362155e+03
5.669528e-02
5.091006e-02
8.221573e+02
8.595883e+04
9.019966e+02
9.104841e+00
1.275682e-01
7.738848e+00
4.618820e+03
3.719461e+03
1.827516e+00
2.532867e+01
1.671105e+03
7.863131e+00
4.460712e+03
3.135777e+01
7.881155e-03
3.242557e+03
7.459442e-03
4.388335e-04
2.996916e-02
1.105396e+00
4.173990e-03
4.525046e+01
1.253059e-01
8.690028e-04
9.579822e+00
1.861181e-02
6.798350e-04
1.016443e-04
5.746393e-02
1.286173e+00
1.061073e+00
4.142502e-02
2.176089e+00
1.900594e+02
1.240413e-01
8.745481e+01
1.564919e-03
2.220338e+04
5.752110e+01
9.403228e-01
9.264982e+00
7.963381e-01
1.953828e+01
4.370331e-04
1.876296e+02
1.457070e-02
6.478044e+00
1.279362e+02
3.217382e+02
1.792096e+00
1.542335e+03
1.102362e-02
2.455629e+02
4.949063e+01
5.848691e+02
2.068270e-02
1.398894e-01
5.328750e-01
1.677769e-02
1.684821e+01
2.167791e-02
2.648321e+00
9.655011e-02
5.489318e-02
1.362358e-01
1.215767e+01
8.332522e-02
6.920886e+01
7.950091e-01
6.876095e-02
3.636508e-01
2.948876e-01
1.119109e-02
9.256664e-02
8.916513e-02
2.914209e-01
1.007700e+01
9.921859e+01
2.825044e+00
1.918257e-01
2.461044e-01
2.864478e-02
2.702979e-01
9.834782e-02
7.818355e+01
4.895270e-02
1.017551e-01
9.335230e-01
1.782669e+01
1.109416e+00
4.032170e+01
4.188857e+01
5.264521e-02
1.176180e+01
1.645070e-01
2.211722e+01
