9.743234e-02
1.685372e+01
3.682250e+00
4.784939e-02
7.982042e-01
2.092692e-01
9.500837e-01
1.764106e-01
3.636666e-02
9.970159e+00
2.853029e-02
7.391770e+00
6.175725e-01
1.136554e+01
7.934117e-01
3.424645e+01
1.554865e-01
2.036481e+00
2.967732e-01
1.491686e-02
8.684226e-01
6.600058e-01
5.118615e-02
2.746122e+01
1.657372e-01
2.846074e+00
6.866925e+00
5.685774e+00
2.163677e+00
8.686576e-01
7.612227e+00
9.670951e-01
4.989972e-03
1.759254e+00
3.111983e-01
1.364421e+01
4.461373e+00
1.015019e-02
2.702361e-01
3.331388e-02
4.321856e-03
2.098706e+00
2.254371e-01
5.752945e-02
1.732594e+01
9.850324e-01
4.658223e-03
2.855840e-02
4.740327e-02
1.189395e+00
3.785471e+01
3.993072e-04
5.326112e-04
1.222377e+01
5.067586e-01
2.969235e-03
8.538090e-04
4.993464e-02
4.810820e-03
5.418358e-01
1.519484e-03
1.172907e-03
2.251974e-01
1.086413e+00
4.017435e-03
1.060360e+01
8.906052e-04
8.026155e-04
9.499886e-03
3.038737e-02
1.011870e+00
3.916945e-02
1.428860e+00
2.068267e+00
9.195839e-02
1.915387e+04
2.142435e-01
7.540370e+02
2.182702e+01
3.719080e+01
7.686741e+00
3.473267e+03
1.679557e-02
2.810753e-02
3.144059e+00
1.140616e+01
1.153726e+01
5.772089e+02
1.010268e+02
2.426747e+02
1.504812e+01
1.446875e+02
3.410166e+03
4.764105e-01
6.220298e+00
2.521597e+01
6.193327e+01
6.626724e+02
5.444606e+01
9.345135e-02
8.699691e+02
1.319000e-03
4.113858e+01
7.748590e+00
1.188966e+02
1.193488e-02
3.935541e+01
5.336830e-03
2.761903e+03
5.582517e-03
1.493902e+02
1.291428e+02
2.713101e+00
6.650826e-04
6.070656e-03
4.930202e-01
4.651104e+00
1.956660e+01
3.883024e+02
8.626480e+01
1.833414e+03
6.057902e+01
5.209503e+02
5.653888e+03
1.770671e+02
4.333656e+02
8.322943e-03
1.367938e+01
3.490050e+02
8.120531e-03
8.439757e+01
1.495405e+01
4.799555e+01
3.244853e+02
2.326883e+01
1.183059e+01
8.441014e+00
1.825954e-02
6.657483e+00
7.980190e-03
7.352445e+02
4.390399e-02
1.578174e-02
3.477735e-03
1.627484e+03
3.913689e+02
1.154944e+01
8.676694e-02
1.871931e+03
4.524220e+02
3.596654e-04
1.488143e-02
7.442264e+02
5.607093e+02
9.333221e+04
1.228061e+00
5.755314e+03
1.489419e-03
5.381469e+04
2.170910e-02
6.611018e-02
2.018372e-02
4.482773e+01
1.267490e+02
3.066338e-02
1.018660e+01
7.164719e+00
1.207604e+03
1.232585e-01
5.708715e+03
1.898304e-01
1.098193e-01
9.961091e-01
1.749163e+02
7.081543e+00
1.602835e+02
8.930871e-03
6.701012e+02
2.563977e+00
6.534224e+01
2.573045e-03
3.745423e-04
3.912420e-01
9.202648e-01
8.310448e-02
2.764394e+00
3.865742e-01
4.397225e-02
2.901571e+00
1.734790e-01
2.008292e+00
3.789987e-01
1.222570e-01
3.269381e+00
1.518001e+00
2.256703e+00
6.216701e-01
3.501877e-01
5.818151e-01
1.181837e+01
6.921370e-01
9.019935e-02
7.343384e-02
1.283494e-01
6.942288e-01
8.203646e+00
5.843134e+00
1.406663e-01
1.460305e-01
4.256920e+01
3.992563e+01
1.212620e+00
3.088660e+00
1.001488e+01
2.141725e+00
6.230140e-01
8.336805e-01
2.764599e-02
1.528434e+00
1.470823e+00
1.486763e+01
