1.064599e-01
1.439890e+01
3.770641e+00
4.328391e-02
8.256181e-01
2.468021e-01
9.340020e-01
1.491983e-01
3.191771e-02
1.023063e+01
2.759694e-02
7.733485e+00
8.196419e-01
1.229196e+01
7.526079e-01
3.584562e+01
1.068207e-01
2.013217e+00
2.784948e-01
8.416099e-02
8.745524e-01
6.110935e-01
4.559356e-02
2.086590e+01
1.736574e-01
2.917579e+00
7.855111e+00
7.358466e+00
2.230133e+00
2.039450e+00
1.016841e+01
7.120298e-01
5.503880e-03
1.788330e+00
3.009343e-01
1.250136e+01
1.024741e+01
1.176779e-02
2.639090e-01
3.049375e-02
4.300544e-03
2.231610e+00
2.639947e-01
1.005520e-01
1.134013e+01
8.575192e-01
3.942093e-03
2.618817e-02
5.681761e-02
9.235971e-01
3.117491e+01
1.906429e-04
4.919664e-04
9.503082e+00
3.657171e-01
3.099508e-03
8.139775e-04
5.074757e-02
4.942183e-03
5.600654e-01
1.698301e-03
1.025795e-03
1.433213e-01
8.974592e-01
4.116282e-03
9.843809e+00
3.015952e-04
9.066142e-04
7.167064e-03
3.584960e-02
9.529102e-01
5.487271e-02
1.290716e+00
2.462988e+00
7.992375e-02
2.189879e+04
1.634032e-01
8.023184e+02
2.204386e+01
2.663976e+01
1.720453e+01
2.250461e+03
4.510116e-02
3.221512e-02
2.882729e+00
1.417133e+01
1.039501e+01
4.555138e+02
1.140658e+02
2.532456e+02
1.416898e+01
1.464822e+02
7.069682e+03
1.651730e-01
6.810951e+03
1.854440e+01
6.324277e+01
3.914865e+02
5.228008e+01
1.116190e-01
9.042909e+02
4.007537e-04
4.342385e+01
9.595458e+00
1.185458e+02
2.713660e-02
4.411909e+01
2.440867e-03
2.194873e+03
4.842220e-03
1.243118e+02
2.304588e+02
2.968650e+00
5.912729e-04
5.378709e-03
4.687986e-01
4.474595e+00
1.822533e+01
3.949858e+02
1.112234e+02
1.876418e+03
5.752156e+01
8.339284e+02
7.381354e+03
1.356017e+02
4.420906e+02
6.076855e-03
8.281185e+00
4.503975e+02
8.969963e-03
3.969342e+01
1.660429e+01
4.449774e+01
4.522305e+02
2.054422e+01
1.752570e+01
8.674277e+00
2.063167e-02
6.295069e+00
5.621604e-03
7.431764e+02
8.927566e-02
1.522984e-02
3.677750e-03
1.498477e+03
6.304554e+02
1.906245e+01
7.844077e-02
2.089656e+03
4.475137e+02
4.186455e-04
1.375071e-02
2.034052e+02
5.409513e+02
8.649160e+04
1.343126e+00
1.002764e+04
1.190386e-03
6.813295e+04
1.808150e-02
6.888615e-02
2.146072e-04
5.082698e+01
1.180237e+02
1.074728e-02
1.096826e+01
6.655534e+00
1.102819e+03
7.998816e-02
5.856486e+03
9.405996e-02
9.608789e-02
1.001585e+00
1.693936e+02
3.239983e+00
1.524357e+02
1.055298e-02
6.786959e+02
2.819262e+00
6.441623e+01
2.689544e-03
4.264123e-04
3.748752e-01
9.540644e-01
7.230618e-02
4.086274e+00
3.706936e-01
5.169582e-02
2.952794e+00
1.967315e-01
1.944155e+00
4.150847e-01
1.342348e-01
3.463033e+00
2.366014e-02
2.176819e+00
7.749813e-01
3.096053e-01
6.326553e-01
1.256374e+01
6.617957e-01
8.468089e-02
7.261287e-02
1.599579e-01
9.409144e-01
7.677343e+00
5.160510e+00
1.330255e-01
1.289002e-01
5.110650e+01
2.772388e+01
1.319654e+00
1.706213e+00
1.078033e+01
1.729720e+00
6.874232e-01
8.676590e-01
1.113554e-02
1.361073e+00
1.456524e+00
1.629979e+01
