1.071672e+00
9.829889e+00
2.879518e-02
5.324508e+01
1.003277e+00
8.097939e-01
2.828675e-01
2.063521e+01
2.776640e+00
3.148166e+00
3.588619e-01
4.163970e+01
2.602332e-02
7.942746e-01
2.137956e+01
4.421680e-02
4.062979e+00
1.074178e+00
3.130714e+00
1.067879e+00
1.501559e+01
4.702710e+01
6.241905e-01
7.894756e+00
9.745488e-02
4.677812e-01
1.521446e+00
2.022667e-01
1.455918e+00
2.580978e-01
4.484769e-01
1.515064e-03
4.082223e-03
1.749087e-01
7.134628e-01
5.132465e-01
1.883110e+00
1.048059e-02
2.865529e-02
1.507834e-02
1.102622e-02
1.563692e+00
1.065931e+01
9.065192e-02
3.231267e-01
5.565646e-01
1.196102e-03
5.381681e-02
4.246764e+01
1.431654e-03
4.221279e-01
4.643815e-01
1.864805e+00
7.569763e-02
4.410471e-03
2.809204e-03
1.061861e-01
1.246886e-01
4.593063e-01
2.730783e-01
3.613715e-04
3.392471e+01
8.336915e+00
1.807543e+01
7.307045e-03
1.356224e+00
7.295870e+01
2.925447e+00
1.787234e+00
4.902166e-03
1.450397e-01
2.656119e+00
1.785121e+00
2.133073e-03
5.993857e-02
3.280647e+02
5.245543e-02
6.613387e+02
1.196888e+00
3.947132e+04
1.628796e+03
3.042474e+04
1.268471e+00
4.215641e-02
2.931498e-04
4.159165e+01
6.016192e+01
3.699616e+00
7.802468e+02
2.526860e-04
4.849229e+00
4.160965e+02
1.051686e+03
8.555026e-02
5.366682e+01
2.161226e-01
2.785634e+00
1.123225e+04
4.833072e+02
4.773804e-01
7.817692e+01
1.714437e+00
5.032908e+01
4.237802e-01
5.224322e+03
4.023260e-01
3.313334e+02
1.722008e-01
2.699001e+01
7.253665e+00
4.040290e+00
3.191161e+01
2.307240e-02
2.011431e-04
5.666811e+01
1.252769e-01
3.059432e+01
2.025597e-02
1.160847e+02
1.073340e+04
1.133843e+01
1.328897e+01
2.601835e+02
6.952971e+00
5.714174e+02
1.562219e-04
5.244212e-02
1.320950e+04
3.209339e+02
9.252804e+01
2.263142e+02
2.693161e+04
4.112843e+00
8.679751e+02
6.365122e+00
8.513434e-02
8.679503e+01
1.564388e-02
4.810888e+02
2.047222e+03
1.681969e+02
1.103857e-03
8.332380e-02
7.903175e-03
9.257437e+00
4.321978e+03
7.770925e+01
6.929176e-04
1.526486e+01
6.180254e+01
3.809250e-01
4.469914e-02
5.315300e-04
3.230797e-03
2.850920e+03
2.006720e+03
3.710427e+01
6.645589e+02
3.457906e-01
3.245089e+02
4.191559e-03
3.617725e+04
9.515739e-03
1.643469e+02
1.600074e-01
7.641736e+02
4.676474e+00
8.300663e+00
2.490958e+02
5.769307e+02
1.123742e-02
6.776514e-01
6.331092e-02
8.890456e+02
1.605789e+00
1.903546e+01
6.638791e-01
1.462859e+01
7.181538e+00
6.914849e+00
1.260917e-01
8.874446e-02
8.358861e-01
2.929026e+00
1.180203e+01
6.786510e-02
2.087387e+00
2.708025e+01
2.605467e+00
2.635019e+00
3.386678e+00
2.861815e+00
1.269700e+01
8.763111e-02
2.098805e-02
3.256370e-01
3.229694e-02
1.002946e+01
1.457889e+01
2.884296e-01
4.042163e-02
5.330113e+00
2.100131e+00
6.096146e+01
2.417203e+00
7.310216e-02
4.230660e-01
3.367917e+01
1.082214e+01
5.304507e+01
6.132381e-01
2.750332e-01
2.479903e-02
9.373830e+00
1.516381e+00
2.392990e-01
1.072186e+00
8.079055e-01
2.640004e+00
6.212986e-01
1.452242e+02
