2.696844e+00
3.303960e-01
3.422141e-02
3.676841e+00
1.057033e+01
3.510024e-01
6.506329e-01
6.245039e-01
1.619145e+00
3.390588e-01
8.935093e+00
9.869686e+01
1.779880e-01
1.692260e+00
2.321404e+01
3.358420e-01
5.120649e-01
2.730986e-01
9.981009e-02
1.603784e-01
1.509102e+00
1.963752e+00
2.626481e-02
3.247152e+00
2.893751e-01
5.381804e+00
3.201703e-01
1.881334e+01
3.425109e-02
1.809242e-01
9.503692e+00
1.080035e-03
4.917759e-01
6.337816e-02
2.667376e+00
9.179600e-02
6.698599e-02
8.555541e-03
2.012644e+00
2.044630e-01
1.524139e-01
2.907057e-03
8.887458e-02
1.356515e-01
9.054273e-02
2.379228e-01
1.251371e-01
3.454692e-02
5.568299e-01
3.690230e-01
1.037524e-01
4.068165e-04
2.112441e-02
4.201813e-03
5.169697e-01
1.008304e-02
1.928729e-01
1.433089e-03
4.405459e-04
3.608738e-01
3.416238e-02
5.165297e-01
2.721842e-02
1.044803e-02
8.719675e-02
6.526115e-02
5.479236e-01
9.944766e-02
2.618087e+00
1.924084e-01
1.069957e+00
1.251359e-03
3.414811e-01
2.466238e-03
1.916913e+01
1.256209e-01
1.042790e+01
2.073708e-03
2.325420e+00
9.967654e-01
4.536382e+00
4.376737e-03
2.000598e+04
2.985070e+00
7.982580e+02
4.429615e-03
2.980192e+01
1.530284e+02
2.267620e+01
3.764683e+02
2.700389e+03
5.859743e-01
5.866218e+00
6.589804e+01
2.244427e+01
7.549562e+04
2.271355e+02
3.388628e+02
1.318216e+03
9.977665e+03
1.279588e+03
5.149180e+02
7.924581e+02
1.657749e+01
1.276689e+02
8.020614e-03
4.691131e+01
5.125599e+03
1.261079e+01
2.671702e+03
1.263946e+02
2.097287e+02
4.900336e-01
2.503377e-02
1.523521e-03
1.059694e+00
7.179964e-01
7.093892e+00
5.129503e+01
7.122919e-01
1.231111e+00
5.861667e+00
4.431015e+03
2.303880e-01
4.927919e+02
5.421922e-03
1.683322e-02
2.826364e+00
3.749167e+01
9.114401e+02
1.659882e+02
5.570717e+02
1.237689e+02
1.234401e+00
2.896372e+01
4.979802e-02
2.694146e+02
5.107574e-01
7.711615e+01
2.768474e+00
5.722571e+00
2.532995e-03
2.652633e-03
2.005247e-01
2.645217e+01
1.867454e+02
3.312710e+00
1.708038e-01
1.662806e+00
1.629609e+00
4.336565e-02
5.815971e-04
1.491969e-02
6.235913e+01
3.147890e+03
1.069683e+00
3.060384e-03
1.118451e+04
2.146819e+00
1.373985e+00
1.657154e+03
3.377840e+02
2.043951e-01
3.165199e+02
1.208329e+02
1.028707e+03
1.507131e+02
7.233247e+00
4.385355e+01
3.504925e+03
4.776435e-02
1.725913e+00
3.504258e+03
1.507842e+03
1.004329e+02
6.505237e+02
1.060967e-01
3.114750e+01
4.770454e+00
1.844451e+03
1.169722e-02
2.857961e-02
2.138250e-01
1.712316e-01
3.021547e-02
6.797291e-01
1.436351e+01
2.043933e-01
5.673122e+01
1.675481e+00
3.107470e+00
1.158739e+00
2.483978e-01
5.084008e-01
7.294354e-01
2.207927e-01
7.025546e-02
1.546020e-01
1.626047e+01
4.188917e-02
9.906119e-02
1.166888e-01
5.741523e+00
5.404195e+00
3.655698e+01
1.083231e+01
2.516275e+00
2.777732e+00
1.844058e+01
1.130782e+01
4.292757e-02
4.246565e-01
5.495855e-01
8.800449e-01
5.524674e-01
1.176907e+00
3.035139e+00
7.530200e-01
8.986075e+00
1.607551e+01
4.702763e+00
