3.028619e+00
3.255974e-01
4.567359e-02
2.915126e+00
1.017039e+01
3.447623e-01
6.454662e-01
6.232251e-01
1.653634e+00
1.411528e-02
8.781702e+00
8.685008e+01
1.877318e-01
1.347201e-02
2.366377e+01
3.186837e-01
5.176075e-01
2.859859e-01
9.971679e-02
1.587407e-01
1.510928e+00
1.928358e+00
1.164493e-02
1.967915e-02
5.187131e-01
5.403132e+00
1.632745e-01
1.840915e+01
3.273680e-02
1.683541e-01
6.580766e+00
1.512294e-03
4.486864e-01
6.216034e-02
2.506886e+00
9.229001e-02
7.180393e-02
9.749714e-03
2.086085e+00
2.094311e-01
1.572119e-01
2.316947e-03
8.264546e-02
1.474841e-01
7.724177e-02
2.525120e-01
1.208500e-01
3.479405e-02
1.279277e+00
3.431067e-01
1.064083e-01
4.968900e-04
1.774789e-02
3.578807e-03
6.444978e-01
1.089180e-02
2.071291e-01
1.317056e-03
5.111010e-04
3.559163e-01
3.293873e-02
4.689964e-01
2.919313e-02
9.602470e-03
1.161373e-01
2.227991e-04
5.124529e-01
9.932439e-02
2.605179e+00
1.956220e-01
1.038091e+00
1.233057e-03
3.674204e-01
2.526793e-03
1.866804e+01
1.073853e-01
1.022556e+01
1.626858e-03
2.134285e+00
8.584274e-01
4.510307e+00
4.108536e-03
6.344818e+03
3.233366e+00
9.476813e+02
4.207370e-03
1.041816e+01
1.490097e+02
1.173210e+00
3.981714e+02
3.076111e+03
5.495476e-01
5.967064e+00
6.806582e+01
2.255859e+01
7.823685e+04
2.215154e+02
2.619751e+02
1.280057e+03
1.138506e+04
1.254225e+03
5.353662e+02
8.765695e+02
1.715362e+01
1.300202e+02
7.550931e-03
4.631219e+01
4.987831e+03
1.249417e+01
2.631055e+03
1.248718e+02
1.809442e+02
4.583872e-01
5.228574e-02
1.706944e-03
1.074624e+00
6.774376e-01
7.578792e+00
5.396921e+01
3.802978e+00
1.195015e+00
7.553005e+01
4.374200e+03
2.324737e-01
6.552660e+01
6.862469e-03
2.144499e-02
5.734900e+00
3.623656e+01
1.712123e+03
1.655347e+02
6.481058e+01
1.230630e+02
1.329124e+00
2.682283e+01
4.737459e-02
2.718258e+02
3.761660e-01
7.781507e+01
1.421206e+00
5.645238e+00
6.336479e-03
2.621905e-03
1.854757e-01
2.679981e+01
1.750674e+02
3.388513e+00
1.712570e-01
1.698673e+00
1.038478e+02
4.544029e-02
5.819899e-04
2.164415e-02
5.563213e+01
1.828746e+03
1.078460e+00
2.162928e-03
1.043580e+04
1.903964e+00
2.672853e+00
1.620376e+03
2.615256e+02
1.945491e-01
3.187131e+02
1.097384e+02
1.100839e+03
1.402488e+02
7.680323e+00
5.114034e+01
4.040378e+03
4.463794e-02
1.696498e+00
3.322174e+03
1.505316e+03
9.995781e+01
6.194744e+02
1.105725e-01
3.257627e+01
5.623517e+00
1.858389e+03
1.236251e-02
2.812058e-02
2.156987e-01
2.136734e-01
3.148810e-02
8.606911e-01
1.396613e+01
2.037294e-01
1.559610e+01
1.676976e+00
3.025978e+00
1.098911e+00
2.348839e-01
5.123593e-01
7.425241e-01
2.273463e-01
6.324204e-02
1.531926e-01
1.670056e+01
4.346805e-02
9.707959e-02
1.110600e-01
5.587535e+00
5.408810e+00
5.165268e+01
1.067026e+01
2.580999e+00
2.722659e+00
1.839918e+01
1.088709e+01
4.229310e-02
4.187139e-01
5.434071e-01
8.563660e-01
5.450949e-01
1.147162e+00
3.166987e+00
7.564860e-01
8.850418e+00
1.615166e+01
4.537898e+00
