3.061098e+00
3.281583e-01
3.734139e-02
3.508306e+00
1.043160e+01
3.401917e-01
6.508388e-01
6.120353e-01
1.618020e+00
3.384142e-01
9.063990e+00
9.899323e+01
1.761917e-01
1.768504e+00
2.353905e+01
3.385397e-01
5.064932e-01
2.825237e-01
1.014080e-01
1.589085e-01
1.490365e+00
1.956517e+00
2.757988e-02
1.926469e-02
5.148214e-01
5.348913e+00
3.147324e-01
1.893208e+01
3.441489e-02
1.644038e-01
6.627817e+00
1.518364e-03
4.481718e-01
6.185391e-02
2.921572e+00
9.521219e-02
6.820144e-02
9.018731e-03
2.030708e+00
2.067565e-01
1.552000e-01
2.278135e-03
8.308046e-02
1.355056e-01
8.688176e-02
2.477611e-01
1.198427e-01
3.373733e-02
1.205635e+00
3.524034e-01
1.041538e-01
4.052033e-04
2.022175e-02
3.576031e-03
6.409816e-01
1.046139e-02
2.042215e-01
1.417980e-03
5.271018e-04
3.675748e-01
3.359447e-02
4.654404e-01
2.706194e-02
1.032410e-02
1.185674e-01
6.864520e-02
5.035279e-01
9.809021e-02
2.653782e+00
1.889788e-01
1.060751e+00
1.257632e-03
3.399084e-01
2.430439e-03
2.505136e+01
1.139967e-01
1.006708e+01
2.047901e-03
2.125356e+00
8.524619e-01
4.544714e+00
4.279854e-03
9.020880e+03
3.008615e+00
8.595985e+02
3.734430e-03
1.205441e+01
1.505855e+02
2.288516e+01
3.942672e+02
2.668454e+03
5.627155e-01
5.869742e+00
7.074188e+01
2.257773e+01
8.232696e+04
2.240224e+02
3.376367e+02
1.316931e+03
9.821838e+03
1.316314e+03
5.226327e+02
8.235513e+02
1.705233e+01
1.272345e+02
7.708193e-03
4.672033e+01
5.001499e+03
1.254000e+01
2.657781e+03
1.245175e+02
2.120442e+02
5.049451e-01
5.769418e-02
1.596557e-03
1.058700e+00
7.320243e-01
7.022287e+00
5.466411e+01
2.903948e+00
1.222875e+00
7.785754e+01
4.245998e+03
2.216854e-01
6.427476e+01
8.094095e-03
1.981162e-02
5.809689e+00
3.960809e+01
1.719161e+03
1.668599e+02
7.675248e+01
1.224486e+02
1.299734e+00
2.935914e+01
4.966777e-02
2.699950e+02
4.026610e-01
7.722852e+01
1.456807e+00
5.694460e+00
6.316699e-03
2.647531e-03
1.945478e-01
2.699815e+01
1.757131e+02
3.356837e+00
1.665193e-01
1.645754e+00
1.197602e+02
4.362280e-02
5.793055e-04
2.192583e-02
5.758161e+01
3.164318e+03
1.090308e+00
2.725941e-03
1.156366e+04
2.100567e+00
2.632160e+00
1.572302e+03
3.273365e+02
2.001983e-01
3.187818e+02
1.111683e+02
1.031221e+03
1.471603e+02
7.438936e+00
5.095067e+01
3.432549e+03
4.586235e-02
1.688823e+00
3.401591e+03
1.477199e+03
9.866462e+01
6.459713e+02
1.041789e-01
3.133615e+01
5.560272e+00
1.842680e+03
1.225783e-02
2.855492e-02
2.148004e-01
1.769476e-01
3.113887e-02
8.387419e-01
1.447832e+01
2.003103e-01
5.565751e+01
1.714739e+00
3.113794e+00
1.073332e+00
2.493381e-01
5.126525e-01
7.255441e-01
2.245099e-01
6.201346e-02
1.525993e-01
1.634311e+01
4.190459e-02
9.897908e-02
1.125015e-01
5.579153e+00
5.465229e+00
4.448645e+01
1.077940e+01
2.496166e+00
2.687762e+00
1.885000e+01
1.120727e+01
4.310810e-02
4.204533e-01
5.455096e-01
8.649805e-01
5.485917e-01
1.160786e+00
3.027723e+00
7.842300e-01
8.989970e+00
1.605714e+01
4.750515e+00
