2.310540e+00
3.406866e-01
3.468169e-02
3.750023e+00
1.080405e+01
3.544379e-01
6.482494e-01
5.876584e-01
1.555425e+00
3.451854e-01
8.718259e+00
8.242814e+01
1.333577e-01
1.851872e+00
2.632599e+01
3.266473e-01
5.101038e-01
2.655602e-01
9.729625e-02
1.600719e-01
1.500641e+00
1.970638e+00
2.504259e-02
3.244166e+00
2.909016e-01
5.073426e+00
2.959771e-01
1.889810e+01
3.562309e-02
1.835167e-01
9.586269e+00
1.082101e-03
4.940404e-01
6.397291e-02
2.852817e+00
8.997082e-02
7.067562e-02
8.440479e-03
2.293920e+00
1.981330e-01
1.699858e-01
2.994731e-03
1.020498e-01
1.628591e-01
9.014968e-02
2.341478e-01
1.244132e-01
3.090748e-02
4.651440e-01
3.705161e-01
9.685295e-02
3.911339e-04
2.037236e-02
2.508072e-02
5.595780e-01
9.933873e-03
1.929383e-01
1.785720e-03
4.247202e-04
2.760548e-01
3.416498e-02
5.513168e-01
2.636263e-02
1.084434e-02
8.711819e-02
5.939973e-02
6.300812e-01
9.920366e-02
2.586379e+00
1.863394e-01
1.172489e+00
1.092749e-03
3.415039e-01
2.458414e-03
1.575553e+01
1.195885e-01
9.878570e+00
2.034983e-03
2.389875e+00
7.955360e-01
4.532069e+00
4.024948e-03
1.930146e+04
3.307863e-03
8.712206e+02
4.978850e-03
3.074607e+01
1.483076e+02
2.260308e+01
3.665797e+02
2.700082e+03
5.913709e-01
5.945295e+00
6.472179e+01
2.252436e+01
7.274993e+04
2.267120e+02
3.508135e+02
1.324674e+03
9.107102e+03
1.297116e+03
5.421241e+02
7.941825e+02
1.628033e+01
1.280735e+02
7.204325e-03
4.648081e+01
4.759688e+03
1.256175e+01
2.452943e+03
1.286140e+02
2.175964e+02
4.893685e-01
2.536608e-02
1.628948e-03
1.056535e+00
7.233128e-01
5.471796e+00
5.198681e+01
7.909466e-01
1.210048e+00
5.851834e+00
4.133433e+03
2.146720e-01
4.942545e+02
5.164059e-03
1.636700e-02
2.807328e+00
3.759160e+01
9.199932e+02
1.653032e+02
5.672023e+02
1.221689e+02
1.238411e+00
2.577824e+01
5.087817e-02
2.606770e+02
5.315785e-01
7.851528e+01
2.567678e+00
6.298018e+00
2.519392e-03
2.645949e-03
2.141511e-01
2.262225e+01
1.963985e+02
3.250781e+00
2.052721e-01
1.759051e+00
2.077561e+00
4.338615e-02
5.754631e-04
1.430297e-02
6.540788e+01
3.231387e+03
1.027875e+00
2.962936e-03
1.136158e+04
2.227721e+00
1.363103e+00
1.805228e+03
3.349491e+02
2.134192e-01
3.306610e+02
1.184636e+02
1.171337e+03
1.135128e+02
6.881437e+00
4.234120e+01
3.552137e+03
5.158824e-02
1.575465e+00
3.761067e+03
1.471090e+03
1.910017e+03
5.992057e+02
1.076932e-01
2.867780e+01
4.845540e+00
1.882305e+03
9.716524e-03
2.543246e-02
2.119333e-01
1.710570e-01
3.007288e-02
6.551369e-01
1.422319e+01
2.088160e-01
5.078168e+01
1.672051e+00
3.041906e+00
1.207141e+00
2.567771e-01
5.084373e-01
7.367900e-01
2.168535e-01
6.919604e-02
1.512894e-01
1.622956e+01
4.197522e-02
9.972604e-02
1.201268e-01
5.761409e+00
5.442072e+00
3.372660e+01
1.096171e+01
2.550583e+00
2.721232e+00
1.855019e+01
1.148573e+01
4.276009e-02
4.336837e-01
5.616792e-01
8.962912e-01
5.526032e-01
1.187725e+00
3.008514e+00
7.444517e-01
8.939830e+00
1.615306e+01
4.742392e+00
