1.228297e-01
5.699172e+01
1.097104e-02
8.079404e-02
3.224204e+01
5.871051e-01
1.011483e+00
1.677997e-02
1.126968e+01
4.066374e-02
1.869803e+01
1.043769e-01
1.389268e+00
1.024370e+01
1.708648e-02
1.188831e+00
3.624151e-01
4.809478e-02
1.055696e-02
8.143643e-01
3.611480e-02
4.057065e-01
1.779078e-01
1.335225e-01
2.538937e+01
5.029846e+00
4.950034e-02
3.347144e+00
6.464127e-01
6.620972e-02
4.956740e-03
3.226318e-02
6.123482e-02
1.161471e-01
5.369139e-02
6.099708e+00
3.068588e+00
4.530787e-04
9.005681e-03
1.109824e-03
2.766505e+00
3.820739e+01
3.212234e-03
2.343719e-02
1.603200e+00
7.680144e-01
1.230300e+00
1.477461e-01
5.182263e-03
1.465661e-03
1.144566e+00
8.578362e+01
5.326151e-02
8.292875e-03
2.768511e-04
1.849652e+00
5.477398e-01
2.095563e-01
1.724303e-02
6.708295e-03
1.141984e+01
2.194332e+00
4.082921e-04
1.030326e+00
3.099189e-03
1.660844e-04
2.771550e-03
2.177781e+00
6.890088e+01
3.323417e-04
1.350063e-01
4.796477e-02
2.658067e-02
9.422501e-03
7.931299e+04
5.158679e+00
1.540226e+04
2.994461e-04
1.328888e-04
1.158034e+03
5.467389e-01
1.034868e-04
3.427216e+00
1.936582e+04
1.540822e+03
1.302725e+02
8.207875e+00
2.886512e+04
3.189814e+01
4.594584e+00
1.099674e+03
1.123572e+04
6.890528e+01
2.489079e+04
1.132309e+01
1.769004e-03
2.560753e+02
9.139835e-03
9.614571e+02
6.237491e+00
7.682892e+01
1.470116e-02
2.748006e+00
3.004161e+03
2.086792e+03
1.762134e+04
5.748185e+02
2.540530e+00
1.121373e+02
2.314564e+03
3.660505e+03
5.001252e-03
1.242857e+00
6.407733e+03
7.133101e-01
1.878695e-04
1.958342e-03
2.302942e+01
1.013549e+03
2.017752e-03
1.106675e+04
8.989536e-03
1.459020e+01
5.367346e-02
4.308315e-01
1.669689e-01
6.964892e+03
1.584465e-03
4.145858e+00
1.013770e+02
7.707541e+01
1.798914e+02
4.016040e+00
1.527190e-04
3.086688e+01
2.254020e-02
2.754124e+01
3.047173e+02
1.233302e+02
1.223597e+01
2.742013e+00
1.518077e-02
4.255271e-04
1.408394e+01
1.209624e+01
1.578906e+02
7.166781e+04
1.202446e-04
1.528392e+00
5.661101e+02
4.777992e-01
4.200668e-04
7.005181e+01
1.762003e-03
1.154854e+00
3.154011e-03
3.454060e-01
2.543886e+03
2.613801e+04
1.035467e+03
1.958730e-04
5.404446e+03
2.211555e-01
4.353369e+03
4.472810e-03
5.463433e+03
1.345914e+01
3.681108e+02
1.081595e+00
1.706791e-02
6.096636e-04
4.328220e+00
6.938841e-04
2.993709e+01
2.969339e-02
1.778258e+03
9.280644e+04
9.363902e+01
8.560515e-02
7.211364e+03
1.039641e-02
8.285784e-04
5.972331e+01
5.490847e+00
7.242353e-01
7.701301e-02
4.862346e-02
3.776256e+00
2.588843e+01
1.363858e+01
5.802638e+01
4.931377e+01
2.434966e+01
8.262102e-01
5.922316e+01
2.268182e-01
1.296927e-02
8.343990e+00
4.878138e+00
3.484565e-01
7.354003e-01
5.146449e+01
1.826976e+01
4.969337e+01
1.313614e+00
1.293143e-01
1.330532e+00
2.674577e+00
1.362271e-02
2.591357e+00
1.033057e-01
5.155140e-02
3.610711e-01
3.354131e-02
3.064281e-01
8.753280e+01
7.370462e+00
3.098012e-01
1.935609e-01
6.099840e+00
2.972109e+02
