2.382706e+00
2.591349e-01
3.782864e-02
4.084495e+00
1.046621e+01
3.187791e-01
6.701137e-01
6.043835e-01
1.800055e+00
4.384006e-01
7.797095e+00
6.155444e+01
1.304153e-01
1.650729e+00
2.268368e+01
2.236479e-01
4.544379e-01
2.697736e-01
9.960830e-02
2.000904e-01
1.366913e+00
1.897533e+00
2.517146e-02
2.344810e+00
2.649048e-01
5.195974e+00
2.916854e-01
1.780449e+01
2.425490e-02
3.719955e-01
9.273541e+00
1.097933e-03
1.119949e+00
5.853465e-02
3.367137e+00
1.034361e-01
6.361515e-02
7.075373e-03
6.877359e-01
1.436738e-03
1.552579e-01
2.543048e-03
9.520032e-02
1.488105e-01
6.361362e-02
2.444650e-01
1.787851e-01
7.357775e-02
5.346791e-01
4.018380e-01
8.569661e-02
6.232628e-04
2.004648e-02
3.876176e-02
6.479954e-01
9.371368e-03
2.093645e-01
2.611152e-03
5.009525e-04
2.550310e-01
3.906030e-02
5.916052e-01
2.605490e-02
1.474298e-02
7.116253e-02
3.863369e-01
6.122677e-01
9.761364e-02
2.429688e+00
2.421039e-01
1.123992e+00
1.254743e-03
4.644836e-01
1.862484e-03
1.462508e+01
1.054861e-01
9.516626e+00
1.671002e-03
1.877352e+00
7.801516e-01
4.383304e+00
2.797567e-03
1.778915e+04
3.449374e-03
5.203000e+02
5.969726e-03
3.484346e+01
1.620750e+02
2.390176e+01
4.269348e+02
2.445487e+03
5.846154e-01
5.516487e+00
5.904324e+01
2.239789e+01
8.286358e+04
2.457172e+02
3.585920e+02
1.302384e+03
8.915928e+03
1.130112e+03
1.890001e+03
7.097007e+02
7.026293e+00
1.404025e+02
6.867625e-03
4.606994e+01
3.684012e+03
1.269222e+01
3.288259e+03
1.135645e+02
3.064540e+02
4.767673e-01
1.701061e-02
7.378199e-04
1.067371e+00
3.618621e-01
6.517593e+00
4.941122e+01
9.637063e-01
5.500970e+00
5.919367e+00
4.551151e+03
2.252081e-01
6.034145e+02
5.481987e-03
1.654933e-02
2.345162e+00
4.002242e+01
8.071684e+02
1.560878e+02
5.313758e+02
1.201073e+02
1.192828e+00
2.476756e+01
4.639403e-02
2.610020e+02
4.019037e-01
6.970214e+01
2.552003e+00
6.395033e+00
2.266248e-03
8.810893e-04
2.265305e-01
1.906281e+01
1.820033e+02
6.487827e+00
2.921962e-01
2.076779e+00
2.379356e+00
9.755954e-02
6.740859e-04
1.542972e-02
8.200286e+01
8.031437e+03
9.724828e-01
3.058124e-03
1.118811e+04
1.918856e+00
1.072502e+00
1.403560e+03
3.426697e+02
1.856731e-01
3.452883e+02
1.389552e+02
1.146260e+03
7.414890e+04
6.792662e+00
9.811537e-03
1.395483e+04
4.807074e-02
1.682414e+00
7.104804e+03
3.519061e+00
4.235656e+03
2.886148e+02
9.136133e-02
2.179783e+01
5.022022e+00
1.928926e+03
1.114723e-02
2.396997e-02
2.175126e-01
1.568611e-01
2.716682e-02
6.529212e-01
1.389600e+01
2.028506e-01
2.937868e+01
1.927566e+00
3.308393e+00
1.224548e+00
2.639265e-01
2.957538e-01
7.034781e-01
2.202189e-01
7.165605e-02
1.534459e-01
4.650349e+01
4.374954e-02
1.008300e-01
1.217483e-01
5.695388e+00
7.435216e+00
2.246619e+01
1.066890e+01
2.536527e+00
5.345056e+00
9.965613e+01
1.203926e+01
3.376916e-02
1.056362e+00
5.552756e-01
9.614546e-01
6.319465e-01
1.021706e+00
2.951855e+00
6.601856e-01
9.327179e+00
1.629863e+01
4.484466e+00
