2.626213e+00
3.306486e-01
3.402951e-02
3.510947e+00
1.008073e+01
3.584603e-01
6.606034e-01
5.950667e-01
1.485756e+00
3.369471e-01
5.875421e+00
9.066757e+01
1.320650e-01
1.859053e+00
2.481457e+01
3.358430e-01
5.447911e-01
2.618165e-01
9.966141e-02
1.579632e-01
1.493276e+00
1.959090e+00
2.581566e-02
3.160685e+00
2.735148e-01
4.768989e+00
2.975550e-01
4.309990e+00
3.669036e-02
1.459038e-01
9.845299e+00
1.094832e-03
4.906392e-01
6.326915e-02
2.850180e+00
8.909069e-02
6.513420e-02
8.322040e-03
6.118977e+00
1.000078e-02
1.596409e-01
3.040143e-03
1.245098e-01
1.505697e-01
8.029387e-02
2.343841e-01
1.268078e-01
3.224150e-02
4.619916e-01
4.155864e-01
9.608843e-02
3.306154e-04
2.034243e-02
2.549645e-02
5.618771e-01
9.200961e-03
1.879451e-01
1.760103e-03
3.129790e-03
4.559415e-01
4.650776e-02
5.629256e-01
2.700804e-02
1.006934e-02
8.049801e-02
6.003185e-02
4.738631e-01
6.785378e-02
2.701649e+00
1.827456e-01
1.118659e+00
1.023845e-03
3.137391e-01
2.835378e-03
1.573049e+01
1.184888e-01
9.683312e+00
2.700821e-03
3.077684e+00
8.358929e-01
4.553771e+00
4.107018e-03
1.969845e+04
3.752238e-03
9.449720e+02
5.018272e-03
3.068203e+01
6.461456e+01
1.069046e+01
4.428488e+02
2.714024e+03
1.209082e+00
5.901276e+00
6.405260e+01
2.291436e+01
7.328185e+04
2.287195e+02
3.768235e+02
1.346693e+03
9.137619e+03
1.357120e+03
5.543139e+02
7.699747e+02
1.521680e+01
1.278427e+02
7.282507e-03
4.299519e+01
5.291564e+03
1.264642e+01
2.379970e+03
1.301091e+02
2.121749e+02
4.659054e-01
2.585970e-02
1.036248e-03
9.383452e-01
7.207285e-01
5.744460e+00
2.004158e+01
6.805142e-01
1.363260e+00
6.031585e+00
4.374252e+03
2.060998e-01
5.112626e+02
5.004357e-03
1.624336e-02
2.859510e+00
3.723300e+01
9.152037e+02
1.696097e+02
5.639959e+02
1.265798e+02
1.245677e+00
2.643506e+01
5.384095e-02
2.625830e+02
5.085749e-01
7.973375e+01
2.246528e+00
6.959552e+00
2.538451e-03
2.627223e-03
2.122437e-01
2.288221e+01
2.239804e+02
3.628427e+00
1.991742e-01
1.868921e+00
2.484730e+00
3.936578e-02
5.670630e-04
1.305132e-02
4.852924e+01
3.174213e+03
3.834960e-01
2.880546e-03
1.261890e+04
1.425487e+00
1.344052e+00
1.728171e+03
3.549732e+02
2.176295e-01
2.584282e+02
1.176579e+02
1.195270e+03
1.133357e+02
1.006636e+00
3.391735e-01
4.360067e+03
5.192542e-02
1.626621e+00
4.500629e+03
2.023802e+00
2.960863e+03
4.741113e+01
9.792256e-02
2.890196e+01
5.143131e+00
1.904084e+03
8.708631e-03
2.497205e-02
2.131027e-01
1.692281e-01
3.045463e-02
6.918137e-01
1.389556e+01
2.045320e-01
4.952105e+01
1.653092e+00
3.225940e+00
1.265500e+00
2.466575e-01
4.916261e-01
1.181604e+00
2.150322e-01
6.911486e-02
1.538964e-01
1.620873e+01
4.124197e-02
1.025304e-01
1.188477e-01
5.196935e+00
5.473374e+00
3.275839e+01
1.130040e+01
2.541194e+00
2.719926e+00
9.910664e+01
1.229035e+01
3.596808e-02
9.181912e-01
5.654788e-01
9.169196e-01
5.616007e-01
1.212114e+00
2.785568e+00
7.108861e-01
9.534223e+00
1.327891e+01
4.498650e+00
