2.286930e+00
3.366045e-01
3.915778e-02
3.803939e+00
1.091802e+01
3.361809e-01
6.744947e-01
5.922162e-01
1.825855e+00
4.386360e-01
7.973056e+00
8.534317e+01
1.302324e-01
1.821771e+00
2.362399e+01
2.459973e-01
4.558368e-01
2.694516e-01
1.003127e-01
2.049212e-01
1.435255e+00
1.908956e+00
2.503735e-02
2.702044e+00
2.742252e-01
5.143559e+00
2.962150e-01
1.900506e+01
2.519176e-02
3.711962e-01
9.634617e+00
9.601313e-04
4.944532e-01
5.591265e-02
3.175057e+00
9.427712e-02
6.465568e-02
7.078410e-03
6.869323e-01
1.164517e-03
1.714057e-01
2.296096e-03
9.403928e-02
1.602517e-01
8.536350e-02
2.360146e-01
1.386313e-01
4.120715e-02
5.305615e-01
4.074817e-01
9.652811e-02
4.210023e-04
1.939932e-02
4.686949e-02
6.147755e-01
9.866421e-03
1.953091e-01
2.261134e-03
4.251163e-04
2.401052e-01
3.604287e-02
5.488455e-01
2.562268e-02
9.736501e-03
8.310734e-02
7.360956e-02
6.121115e-01
9.905765e-02
2.337247e+00
2.418409e-01
1.179700e+00
1.247401e-03
4.046297e-01
2.073189e-03
1.492072e+01
1.214717e-01
9.865905e+00
1.615931e-03
2.117027e+00
8.054709e-01
4.278660e+00
2.945908e-03
1.952902e+04
3.716507e-03
5.426698e+02
5.235526e-03
3.524609e+01
1.631650e+02
2.280249e+01
4.480824e+02
2.657981e+03
6.155352e-01
6.007595e+00
6.629278e+01
2.247175e+01
7.219618e+04
2.457053e+02
3.528097e+02
1.301529e+03
8.724018e+03
1.270159e+03
5.343996e+02
6.058329e+02
7.069445e+00
1.223797e+02
6.756263e-03
4.634554e+01
4.383635e+03
1.262831e+01
2.739951e+03
1.189339e+02
2.356606e+02
4.775367e-01
1.844379e-02
1.573232e-03
1.061581e+00
7.123385e-01
6.361361e+00
5.121367e+01
9.400320e-01
1.221055e+00
5.886692e+00
4.599969e+03
2.467933e-01
4.829519e+02
5.489901e-03
1.671064e-02
2.364278e+00
3.748765e+01
8.975186e+02
1.593436e+02
5.387153e+02
1.174745e+02
1.238816e+00
2.563536e+01
4.865062e-02
2.577761e+02
4.419654e-01
7.157635e+01
2.463373e+00
6.390453e+00
2.487905e-03
8.771962e-04
2.145449e-01
2.247933e+01
1.837017e+02
3.203390e+00
2.495655e-01
1.991786e+00
2.281967e+00
4.286982e-02
5.742798e-04
1.385965e-02
9.230017e+01
3.591966e+03
9.861527e-01
3.119253e-03
1.031268e+04
2.489529e+00
1.069135e+00
1.786351e+03
3.384060e+02
1.967267e-01
3.397919e+02
1.363605e+02
1.171742e+03
1.021458e+02
6.633642e+00
3.986980e+01
4.377405e+03
5.132296e-02
1.677762e+00
4.165860e+03
1.764032e+03
3.821931e+03
3.755531e+02
1.081504e-01
2.767513e+01
5.047352e+00
2.084942e+03
1.026030e-02
2.463478e-02
2.202468e-01
1.573641e-01
2.698120e-02
6.409568e-01
1.354765e+01
2.059855e-01
5.051073e+01
1.650047e+00
3.151675e+00
1.195043e+00
2.612938e-01
2.984758e-01
7.104434e-01
2.172861e-01
6.733361e-02
1.535763e-01
1.750022e+01
3.626716e-02
9.089189e-02
1.206570e-01
5.727168e+00
7.515295e+00
3.550377e+01
1.067839e+01
2.587582e+00
5.771947e+00
1.845946e+01
1.155122e+01
3.489657e-02
6.590415e-01
5.492958e-01
8.930260e-01
5.436338e-01
1.190236e+00
2.892135e+00
7.053892e-01
8.947748e+00
9.754309e+00
4.828673e+00
