2.380691e+00
2.581415e-01
3.786517e-02
4.041835e+00
1.046340e+01
3.202866e-01
6.696143e-01
6.079769e-01
1.790234e+00
4.380814e-01
7.774788e+00
6.070860e+01
1.302143e-01
1.648796e+00
2.271366e+01
2.227492e-01
4.590620e-01
2.700351e-01
9.880559e-02
1.985745e-01
1.362112e+00
1.900135e+00
2.534024e-02
2.414869e+00
2.674843e-01
5.198193e+00
2.871548e-01
1.772232e+01
2.542756e-02
3.727178e-01
9.217805e+00
1.099082e-03
1.127012e+00
5.879814e-02
3.371902e+00
1.035201e-01
6.380067e-02
7.084086e-03
6.825394e-01
1.415525e-03
1.552751e-01
2.553541e-03
9.435383e-02
1.489913e-01
6.526974e-02
2.453048e-01
1.791663e-01
7.440154e-02
5.341077e-01
4.018365e-01
8.508396e-02
6.255500e-04
1.962380e-02
3.818813e-02
6.530630e-01
9.385486e-03
2.093388e-01
2.615586e-03
4.537610e-04
2.543806e-01
3.908110e-02
5.917001e-01
2.614446e-02
1.486381e-02
7.107711e-02
3.952161e-01
6.122313e-01
9.710229e-02
2.419518e+00
2.415204e-01
1.137643e+00
1.244733e-03
4.638518e-01
1.869736e-03
1.457771e+01
1.056025e-01
9.646774e+00
1.639016e-03
1.875180e+00
7.657831e-01
4.374918e+00
2.825590e-03
1.745588e+04
3.462049e-03
5.184321e+02
6.010180e-03
3.470717e+01
1.625245e+02
2.387473e+01
4.263633e+02
2.454701e+03
5.634089e-01
5.507910e+00
5.901057e+01
2.233678e+01
7.954709e+04
2.458316e+02
3.607491e+02
1.301299e+03
8.974392e+03
1.133993e+03
1.940971e+03
7.392860e+02
7.097090e+00
1.404962e+02
6.886726e-03
4.582745e+01
3.664966e+03
1.270544e+01
3.266165e+03
1.129859e+02
3.050137e+02
4.757412e-01
1.753499e-02
7.231332e-04
1.068313e+00
3.606475e-01
6.554031e+00
4.854302e+01
9.656459e-01
5.607290e+00
5.908221e+00
4.576456e+03
2.255458e-01
6.103306e+02
5.489740e-03
1.657407e-02
2.343378e+00
3.990614e+01
7.994418e+02
1.568461e+02
5.367875e+02
1.201920e+02
1.196816e+00
2.568678e+01
4.734824e-02
2.607590e+02
3.990309e-01
6.964442e+01
2.553718e+00
6.376169e+00
2.261320e-03
8.832835e-04
2.331867e-01
2.042427e+01
1.807154e+02
6.513251e+00
2.921789e-01
2.045480e+00
2.368508e+00
9.910159e-02
6.744133e-04
1.544047e-02
8.200259e+01
7.769989e+03
1.012082e+00
3.105258e-03
1.113161e+04
1.942941e+00
1.050435e+00
1.391348e+03
3.412771e+02
1.922713e-01
3.450087e+02
1.413127e+02
1.137947e+03
9.638835e+04
6.788412e+00
9.615724e-03
4.038302e+03
4.621600e-02
1.696133e+00
6.929795e+03
3.790897e+00
3.787366e+03
3.018468e+02
9.174451e-02
2.189547e+01
4.974816e+00
1.955218e+03
1.113701e-02
2.398093e-02
2.172928e-01
1.571032e-01
2.740925e-02
6.526805e-01
1.346433e+01
2.037969e-01
3.027816e+01
1.916329e+00
3.314312e+00
1.225093e+00
2.649374e-01
2.964845e-01
7.071104e-01
2.199473e-01
7.163561e-02
1.529725e-01
4.634248e+01
4.375521e-02
1.009117e-01
1.213203e-01
5.692109e+00
7.493996e+00
2.251260e+01
1.065209e+01
2.583510e+00
5.333138e+00
9.628329e+01
1.202758e+01
3.395338e-02
1.050663e+00
5.554964e-01
9.617260e-01
6.322604e-01
1.008248e+00
2.915879e+00
6.599275e-01
9.295583e+00
1.624172e+01
4.393696e+00
