2.689876e+00
3.375721e-01
3.491376e-02
3.519343e+00
1.004166e+01
3.510716e-01
6.610396e-01
5.882853e-01
1.483692e+00
3.383847e-01
5.870123e+00
8.925230e+01
1.362832e-01
1.845317e+00
2.409368e+01
3.468649e-01
5.571538e-01
2.627598e-01
1.049053e-01
1.473085e-01
1.481921e+00
2.024246e+00
2.758577e-02
3.157015e+00
2.441975e-01
6.223348e+00
2.861340e-01
4.402944e+00
3.635734e-02
1.463895e-01
9.779373e+00
1.328388e-03
4.934249e-01
6.356187e-02
2.814213e+00
8.914087e-02
6.578488e-02
8.004001e-03
6.109213e+00
9.978995e-03
1.595317e-01
2.997962e-03
1.277008e-01
1.511174e-01
8.571845e-02
2.438976e-01
1.270323e-01
3.151888e-02
4.630690e-01
4.194033e-01
9.446245e-02
3.150253e-04
1.993291e-02
2.692688e-02
6.702797e-01
9.569587e-03
1.874070e-01
1.871274e-03
3.436700e-03
4.546405e-01
4.489988e-02
5.220175e-01
2.719257e-02
1.012570e-02
8.031022e-02
5.972662e-02
4.763381e-01
6.029964e-02
2.709617e+00
1.804402e-03
1.097772e+00
1.041631e-03
3.180219e-01
2.860973e-03
1.573708e+01
1.061311e-01
1.155606e+01
2.687593e-03
3.124969e+00
8.935415e-01
4.568069e+00
4.090054e-03
2.034816e+04
4.046624e-03
9.300337e+02
5.055217e-03
3.117600e+01
6.569130e+01
1.063477e+01
4.029498e+02
2.667482e+03
1.193733e+00
5.998824e+00
6.309528e+01
2.283086e+01
7.694367e+04
2.126781e+02
3.574981e+02
1.336519e+03
8.506461e+03
1.439245e+03
5.509369e+02
7.695546e+02
1.485371e+01
1.272646e+02
7.320100e-03
4.374256e+01
5.410533e+03
1.289098e+01
2.333909e+03
1.272184e+02
2.254725e+02
4.784638e-01
2.321360e-02
6.064944e-04
9.213041e-01
7.518602e-01
5.719180e+00
2.023832e+01
6.436443e-01
1.350817e+00
5.926357e+00
4.090513e+03
2.085813e-01
5.144292e+02
5.026689e-03
1.282916e-02
2.861527e+00
3.695263e+01
9.327870e+02
1.649147e+02
5.637640e+02
1.243673e+02
1.304008e+00
2.644930e+01
5.413512e-02
2.639770e+02
4.098623e-01
7.609457e+01
2.286222e+00
7.238573e+00
2.593886e-03
2.619960e-03
2.293728e-01
2.273301e+01
2.156819e+02
3.653396e+00
2.422449e-01
1.913488e+00
2.456904e+00
4.271245e-02
5.356279e-04
1.283846e-02
4.711511e+01
3.103399e+03
3.729201e-01
2.894448e-03
1.193450e+04
1.413848e+00
1.310183e+00
1.730457e+03
3.623299e+02
2.178559e-01
2.706623e+02
1.162570e+02
1.252528e+03
1.140500e+02
1.217235e+00
3.413977e-01
6.520781e-01
4.801852e-02
1.698442e+00
4.445273e+03
1.831478e+00
3.690161e+03
4.609758e+01
9.569696e-02
3.548382e+01
5.251742e+00
2.017655e+03
8.676295e-03
2.468209e-02
2.080085e-01
1.684322e-01
3.021465e-02
6.877765e-01
1.378856e+01
2.193360e-01
4.885990e+01
1.663593e+00
3.226477e+00
1.266574e+00
2.253922e-01
4.778275e-01
1.186359e+00
1.950334e-01
6.734544e-02
1.563763e-01
1.596160e+01
4.110998e-02
1.019388e-01
1.168877e-01
5.204823e+00
5.476015e+00
3.310790e+01
1.131728e+01
2.536965e+00
2.668666e+00
5.396403e+01
1.232352e+01
3.565543e-02
9.323341e-01
5.675036e-01
9.127788e-01
5.660966e-01
1.193599e+00
2.821196e+00
7.058330e-01
9.735204e+00
1.323333e+01
4.625141e+00
