1.599892e+00
2.375259e+00
7.444282e-01
5.860016e-01
4.148987e-01
5.443988e+00
5.022338e-02
3.214256e-01
9.028476e-02
7.428521e-01
3.466775e-01
5.572186e+00
8.419582e-01
2.137544e+01
2.569198e-01
6.545494e+00
3.803029e+00
1.639884e+00
1.250732e-01
1.254100e+00
3.439763e+00
5.929321e-02
2.446540e+00
1.286189e+00
2.569362e-02
4.281653e+00
2.329423e-01
4.553734e+00
6.413390e+00
1.325626e-01
3.754656e-01
1.357525e-03
1.551345e+01
4.509119e-01
1.320997e-01
1.522623e-03
7.172202e-02
3.458683e-03
6.221019e-01
3.182098e-01
8.037583e-04
5.987438e-02
1.381473e-01
1.117656e-02
1.696002e-03
1.424139e-03
8.505599e+00
2.765798e-01
2.407944e-03
3.399773e-02
5.741927e-02
1.780939e+00
9.616376e-04
2.943593e-03
5.031930e-01
9.606743e-02
2.296781e-03
1.324119e+01
3.809642e+00
3.211865e+01
7.504036e-02
2.348626e+00
3.751837e-01
1.922681e+00
2.667221e-03
6.517737e-01
5.075539e-02
4.027443e-03
3.702478e-01
4.912934e-04
1.095897e-01
4.494457e+00
4.173672e-02
5.156796e-01
1.132753e+01
1.936008e-03
2.337692e-03
1.611888e+02
1.006807e-01
3.820019e+01
1.615299e+01
1.383184e+01
2.336727e+03
2.320963e+02
6.467077e-02
2.963358e+00
5.034871e+02
2.600958e+00
2.192905e+03
3.352230e+00
2.642418e+00
5.279923e+02
8.286877e+02
2.330923e+00
2.362203e+01
5.452156e+03
1.410200e+01
9.078988e+04
5.114696e+03
5.840314e+02
1.022504e+01
1.202406e+00
1.580264e+00
1.085673e+01
7.805207e+01
7.084576e+00
3.999145e+02
2.847553e-01
7.169845e+00
1.236812e+01
3.895635e+02
6.532995e-03
1.965000e-01
1.123338e-01
3.524754e-02
7.224799e+02
4.428413e-01
1.382663e+01
3.300185e-01
1.312165e+00
2.793464e+04
6.578467e-01
1.550402e+00
3.837288e+01
1.632970e+02
5.916021e-01
3.642497e-03
2.937353e+01
9.362323e+00
5.642293e-02
4.057052e+02
1.270846e+03
1.437728e+03
1.506378e+00
1.417588e+02
2.385901e+03
7.209905e+01
8.083455e-04
2.844570e+03
8.254790e+03
5.969222e+00
9.355146e-02
2.628970e-02
7.010920e+02
9.927048e+02
2.982873e+01
1.239157e-01
4.879991e-01
1.283834e+03
1.113747e+02
9.165609e-04
6.417403e-04
1.298586e-02
6.134249e+02
8.754757e-02
7.969560e-02
1.630731e+00
8.757684e-01
6.450593e-01
1.630569e+04
6.064845e+00
9.484956e+02
3.366415e+01
5.652462e+01
1.196890e+00
1.222440e+02
1.743821e+00
1.001661e+02
6.197557e-03
8.944219e+01
3.368451e-02
8.277667e-01
9.231371e+00
8.856803e+03
3.946952e-01
6.640513e+01
2.156985e+00
5.315286e+02
2.372664e-03
1.336067e+01
1.368221e-01
3.994618e-02
5.867827e+00
6.840389e+00
3.978876e-02
3.495836e-01
9.435397e-01
1.483546e-02
5.634876e-01
1.027844e+01
8.776645e+00
1.136309e+01
9.564342e-01
4.961780e+00
4.962061e+00
2.324434e+00
4.681126e-01
5.166971e+00
5.772399e+00
2.541306e+00
3.619689e-02
1.043485e+01
7.087711e+00
1.064546e-01
4.585957e+00
1.173676e-02
4.994322e-01
6.833051e-02
6.738325e-02
1.329738e+00
1.421347e+00
2.662993e-02
1.903626e+00
4.659659e+00
1.373579e+00
2.148283e+01
5.687597e+00
9.181655e+00
1.022671e+00
1.100348e+00
3.295885e+01
