1.597832e+00
2.360302e+00
7.394197e-01
5.781605e-01
4.045981e-01
5.497154e+00
5.080252e-02
3.165589e-01
8.666950e-02
7.969953e-01
3.475168e-01
5.577456e+00
8.408205e-01
1.635532e+01
2.500058e-01
6.583757e+00
3.833255e+00
1.639792e+00
1.253632e-01
1.263629e+00
6.082345e+00
5.769242e-02
2.460287e+00
1.472110e+00
2.933583e-02
4.532592e+00
2.331365e-01
4.511158e+00
6.385206e+00
1.504616e-01
4.690184e-01
1.377346e-03
1.558860e+01
4.211941e-01
1.318385e-01
1.458573e-03
7.303838e-02
3.329809e-03
6.333722e-01
3.334679e-01
7.773962e-04
5.095852e-02
1.506817e-01
1.112785e-02
1.862382e-03
1.445385e-03
8.227006e+00
2.778932e-01
2.434703e-03
3.509786e-02
5.695583e-02
1.462280e+00
9.109375e-04
2.935639e-03
5.239875e-01
9.707631e-02
2.223454e-03
1.440887e+01
3.653621e+00
3.202902e+01
7.468447e-02
2.271789e+00
3.754634e-01
1.834893e+00
2.538866e-03
6.522143e-01
5.062536e-02
3.891652e-03
3.713789e-01
4.896082e-04
1.101396e-01
4.713793e+00
3.779003e-02
5.062375e-01
1.284588e+01
1.931286e-03
2.507367e-03
1.602181e+02
9.857548e-02
3.651259e+01
1.622140e+01
1.433645e+01
2.300383e+03
2.597502e+02
6.607218e-02
2.943831e+00
5.003818e+02
2.599367e+00
2.196555e+03
3.446289e+00
2.647210e+00
5.233698e+02
8.210124e+02
2.404791e+00
2.504303e+01
5.186186e+03
1.424194e+01
8.739074e+04
5.343922e+03
5.938199e+02
1.028045e+01
1.179076e+00
1.537474e+00
1.064848e+01
7.813971e+01
6.900422e+00
3.993794e+02
2.851965e-01
7.169594e+00
1.097270e+01
3.897025e+02
7.832238e-03
1.897765e-01
1.182647e-01
3.609059e-02
6.982249e+02
3.580207e-01
1.444534e+01
3.363284e-01
1.300579e+00
2.556820e+04
6.434596e-01
1.364432e+00
3.915595e+01
1.621098e+02
6.050709e-01
3.440084e-03
2.885214e+01
9.277638e+00
5.803462e-02
4.153785e+02
1.313574e+03
1.476757e+03
1.530506e+00
1.429981e+02
2.735009e+03
7.369228e+01
7.971629e-04
2.848313e+03
8.024982e+03
6.008644e+00
9.299064e-02
3.266405e-02
6.752388e+02
9.918610e+02
3.075811e+01
1.216409e-01
4.751786e-01
1.858846e+03
1.129947e+02
9.140843e-04
6.424097e-04
1.335107e-02
6.230693e+02
8.933012e-02
7.687306e-02
1.552346e+00
8.502075e-01
6.506541e-01
2.108130e+04
6.155428e+00
9.174199e+02
3.723151e+01
5.698383e+01
1.317901e+00
4.811208e+01
1.886755e+00
1.003024e+02
6.553549e-03
8.840772e+01
3.293951e-02
6.850149e-01
9.001668e+00
8.511079e+03
1.337411e+00
6.384057e+01
2.128581e+00
5.385588e+02
2.329486e-03
1.326223e+01
1.348733e-01
5.033212e-02
5.887508e+00
6.855880e+00
3.950202e-02
3.835641e-01
9.433397e-01
1.538385e-02
5.811631e-01
1.460688e+01
9.114864e+00
1.152673e+01
9.350093e-01
4.942246e+00
4.974202e+00
2.314632e+00
4.516004e-01
4.989570e+00
5.874881e+00
2.537103e+00
3.479816e-02
1.011758e+01
7.235803e+00
1.020540e-01
4.562718e+00
1.127176e-02
4.991012e-01
6.272208e-02
6.718456e-02
1.331367e+00
1.431490e+00
2.826587e-02
1.940547e+00
1.989847e+00
1.402489e+00
2.180256e+01
5.558711e+00
8.727922e+00
1.018945e+00
1.110703e+00
3.301611e+01
