1.791488e+00
6.333028e-01
3.908780e-01
5.388104e-01
1.792037e-01
5.446692e+00
5.237400e-02
3.439931e-01
8.056292e-02
7.695620e-01
6.210965e-02
5.888577e+00
9.591007e-01
1.747982e+01
1.701838e+01
6.351482e+00
4.060619e+00
2.617752e+00
1.258573e-01
1.248863e+00
3.942413e+00
5.775644e-02
2.192844e+00
6.482957e+00
2.509486e-02
4.415950e+00
2.334572e-01
3.523207e+00
6.515370e+00
1.405722e-01
2.752439e-01
1.418370e-03
3.632647e+01
2.781393e+01
1.111519e-01
2.724311e-03
8.601433e-02
2.715303e-03
8.009292e-01
3.063929e-01
1.649327e-04
5.731174e-02
3.191303e-01
1.158625e-02
1.897105e-03
1.660540e-03
9.595277e-01
3.799129e-01
2.388953e-03
3.772728e-02
5.232681e-02
1.766446e+00
5.316479e-04
4.181135e-03
8.087128e-01
8.173486e-02
3.871182e-03
1.336467e+01
5.793946e+00
3.187951e+01
7.532111e-02
2.314819e+00
4.190303e-01
2.428081e+00
5.223397e-03
7.191765e-01
4.859071e-02
5.082549e-03
4.220286e-01
4.417487e-04
1.223695e-01
4.738900e+00
4.392104e-02
5.722552e-01
1.063127e+01
1.699939e-03
2.047217e-03
1.367746e+02
1.135427e-01
3.766949e+01
1.972588e+01
1.537111e+01
1.964179e+03
2.627402e+02
7.003638e-02
2.937257e+00
5.874487e+02
2.531138e+00
2.510328e+03
3.132045e+00
2.703380e+00
5.203956e+02
1.172397e+03
3.885158e+00
2.716738e+01
3.992777e+03
3.886393e+01
3.650375e+04
1.859553e+03
6.073764e+02
9.379275e+00
1.247939e+00
1.767791e+00
1.089976e+01
7.822203e+01
4.612106e+00
3.295486e+02
3.194693e-01
6.837832e+00
3.717166e+00
3.895284e+02
5.193543e-02
1.430267e-01
2.519683e-02
3.247166e-02
6.821888e+02
9.321387e-01
4.012505e+01
2.588793e-01
5.835740e-01
5.376260e+04
1.265135e+00
1.603781e+00
4.194180e+01
5.539268e+01
4.803843e-01
3.285501e-03
3.642484e+01
4.467784e+00
6.005101e-02
4.180017e+02
1.517345e+03
2.703551e+02
5.394718e+03
1.405348e+02
1.205532e+03
3.182435e+02
8.031247e-04
1.980189e+02
8.547359e+03
8.317666e+00
9.237698e-02
4.986990e-02
5.735206e+02
9.856378e+02
5.124138e+01
1.216309e-01
6.409909e-01
1.723757e+03
1.027747e+01
9.643950e-04
6.401486e-04
1.500332e-02
6.672225e+02
6.011963e-02
6.888980e-02
1.576251e+00
8.166017e-01
6.056180e-01
8.370797e+03
9.272890e+00
7.739667e+02
3.303405e+01
7.010918e+01
1.228737e+00
1.264302e+02
1.638809e+00
1.381474e+02
5.200277e-03
9.160400e+01
2.306008e-03
9.693081e-01
2.692084e+00
8.946195e+03
3.547017e-01
1.006426e+00
5.035823e+00
7.057804e+02
2.257742e-03
1.258721e+01
1.595589e-01
9.063633e-01
9.915086e+00
6.995273e+00
3.735387e-02
3.867365e-01
9.880555e-01
1.257605e-02
5.276208e-01
8.798216e+00
9.126555e+00
1.198912e+01
8.011255e-01
5.140862e+00
5.048597e+00
2.325485e+00
1.579145e-01
5.444594e+00
7.810574e+00
2.736284e+00
3.777196e-02
1.032750e+01
6.663146e+00
1.048711e-01
4.347804e+00
1.370006e-02
4.938333e-01
8.154307e-02
5.544524e-02
1.279608e+00
1.755779e+00
2.610059e-02
1.196413e+00
4.542439e+00
1.054715e+00
2.236944e+01
9.406627e-01
1.324387e+01
1.130308e+00
8.570281e-01
3.345985e+01
