2.430716e+00
2.578749e+00
7.006192e-01
7.935758e-01
4.547870e-01
5.027341e+00
5.689195e-02
3.205701e-01
9.214306e-02
6.789763e-01
3.511974e-01
5.420426e+00
4.653402e-01
2.331962e+01
4.488144e-02
6.404407e+00
3.196549e+00
1.249637e+01
1.356163e-01
1.256671e+00
4.624435e+00
5.255994e-02
1.147734e+00
9.205088e-01
5.920892e-02
3.999750e+00
9.561273e-02
4.588317e+00
6.256809e+00
1.299432e-01
4.252676e-01
1.103374e-03
1.725406e+01
4.578055e-02
9.316439e-02
9.717952e-04
5.654796e-02
4.586916e-03
7.250412e-01
2.833996e-01
9.746177e-04
5.684684e-02
1.223961e-01
6.056244e-02
2.587697e-03
1.353629e-03
4.271125e+00
1.668124e+00
1.937380e-03
3.326430e-02
5.161796e-02
2.621102e+00
1.004080e-03
3.191079e-03
6.502924e-01
9.557487e-02
2.010549e-03
3.939397e+01
2.891480e+00
6.059312e-02
7.853541e-02
2.386113e-01
3.162267e-01
1.706675e+00
1.749229e-03
5.974649e-01
5.525387e-02
5.457411e-03
4.302883e-01
1.045507e-03
9.926846e-02
4.213758e+00
4.716180e-02
4.545803e-01
1.210718e+01
1.854735e-03
6.080564e-03
1.789351e+02
7.962039e-02
3.213885e+01
1.491440e+01
7.691476e+01
2.577973e+03
9.171845e+02
7.057598e-02
2.980034e+00
2.054453e+02
1.428935e+00
1.991568e+03
4.318133e+00
2.160484e+00
5.565510e+02
1.946147e+03
5.616926e+00
1.964380e+01
8.355848e+03
2.391238e+01
9.533007e+04
2.302364e+03
5.390622e+02
1.046329e+01
1.610605e+00
2.622183e+00
1.042835e+01
8.056071e+01
7.050436e+00
2.879543e+02
1.867707e+00
5.683241e+00
2.571899e+00
2.888561e+02
1.659113e-01
1.684922e-01
6.336115e-02
1.111308e-01
9.081911e+02
2.414928e-02
1.385508e+01
5.190368e-02
1.523440e+00
3.057332e+04
6.124350e-01
2.532862e+00
4.441725e+01
4.322914e+02
1.779986e-02
2.704110e-03
3.806274e+01
7.256565e+00
1.539979e-01
2.718730e+02
9.817767e+02
8.253273e+02
1.526456e+00
8.925009e+01
5.441291e+03
7.095499e+01
6.036616e-04
5.308910e+03
3.502455e+02
7.701771e+00
1.065610e-01
2.133833e-02
6.999748e+02
1.436870e+03
1.377457e+02
1.762308e-01
9.245870e-01
1.204507e+03
1.480552e+02
1.001019e-03
7.054815e-04
9.242347e-03
1.380371e+04
2.825018e-02
6.404448e-02
1.582262e+00
9.499320e-01
3.636482e-01
8.256323e+02
5.510331e+00
4.576578e+02
3.828622e+01
4.380484e+01
5.121888e-01
1.264899e+02
2.603011e+00
1.079788e+02
5.738761e-03
1.222366e+02
1.422747e-04
1.019623e+00
2.891094e+00
2.859976e+03
1.287660e+02
1.434620e+02
3.749704e+00
4.288260e+02
2.510016e-03
1.675288e+01
5.689096e-02
6.103244e-02
5.615080e+00
6.475019e+00
3.197238e-02
4.334204e-01
9.583067e+00
6.114134e-02
6.114923e-01
2.093025e+01
9.012026e+00
6.095095e+00
9.352467e-01
4.390123e+00
4.853798e+00
2.399039e+00
3.589358e-01
5.515865e+00
4.550768e+00
2.569521e+00
1.924709e-02
8.795137e+00
7.344747e+00
1.170140e-01
5.120515e+00
5.048698e-02
5.487128e-01
6.957522e-02
7.394804e-02
1.324871e+00
1.576421e+00
5.295338e-02
2.055217e+00
4.709759e+00
1.965954e+00
2.476810e+01
8.630820e-01
1.089413e+01
9.223357e-01
1.120556e+00
3.765211e+01
