1.517459e-02
7.506326e-02
1.225085e+00
9.395718e+00
2.370695e+00
2.451016e+01
1.438322e+01
2.585383e-01
5.015346e+01
2.498813e-01
9.231622e+01
4.633729e+00
1.159712e+01
1.980350e-01
3.518704e-02
2.881117e+00
1.716570e+01
3.495480e+01
7.492651e-01
1.479224e+00
1.534706e+00
1.286614e+00
1.040184e-01
2.468149e+01
1.934036e-01
1.323262e+00
1.788205e+00
2.731033e+00
2.453492e-02
8.016413e+01
4.691855e-01
9.501055e-04
4.814875e-01
5.734669e-01
4.352456e-02
1.091337e+00
7.041745e+01
4.930229e-02
1.521426e+01
6.935239e+01
6.108767e-01
1.911459e+00
1.419156e+01
3.003204e-04
3.280425e-03
8.446194e-01
1.651368e+00
9.407754e+00
1.694457e+00
7.046491e+00
6.381651e-03
1.928580e+00
1.687273e+01
6.968141e-03
4.336599e+01
2.190414e+01
1.724094e-04
1.175450e-04
3.953834e+01
1.665993e+01
1.156859e+01
5.987560e-04
2.136003e-03
2.227105e+01
3.417028e-04
6.090665e+01
8.174604e+01
2.542581e-02
2.833999e-04
1.585537e-02
5.732235e-04
5.175383e-01
1.671007e+01
2.536833e-01
2.364656e-02
6.952026e+00
3.220270e+04
2.189913e+03
1.433962e+00
4.794639e+02
4.345332e+00
1.381853e+02
2.372717e+03
2.180574e-03
4.404104e+01
3.175199e+04
3.665941e-01
8.423647e-02
5.500365e+02
1.321300e+00
3.180347e+01
3.877304e+01
1.419197e+03
6.205152e+01
2.138983e+02
1.163944e-02
7.071227e+00
1.629129e+04
3.194540e+03
4.701286e+04
1.022605e+02
2.664502e+04
1.905684e+02
1.522487e+01
7.658347e+01
3.542917e+01
2.817862e+02
1.457775e+02
1.049244e+02
2.573455e-01
2.913442e+01
5.615838e-01
3.342115e+02
5.322739e+04
1.163664e+01
4.807575e+04
1.045309e+00
2.820949e+03
1.823685e+04
1.535885e+04
1.136435e+03
1.401021e+00
8.224862e-03
2.994517e+03
4.156088e+04
3.614615e-03
3.889536e-04
2.479546e+04
3.666908e+01
7.428566e+04
3.897998e+03
4.482870e+04
3.089154e+02
2.698554e-02
1.272319e+00
7.976389e-03
3.998073e+02
5.530664e-03
1.087464e+01
8.809616e+01
1.755939e+02
1.287251e-01
2.813602e-03
1.546570e+02
3.415661e+02
7.675915e-02
4.738541e+04
1.340120e-02
2.609565e+02
2.126500e+01
4.540467e-03
4.451499e-03
8.039325e-01
3.593508e+01
1.780064e+00
2.617420e+04
4.976616e-03
1.301218e+03
8.039720e+02
5.302842e+01
3.661333e+02
1.364868e+00
4.364563e-02
4.527127e+02
1.669198e-03
3.373508e+01
1.014671e+02
1.921167e+01
6.784470e+01
1.720312e-04
9.778936e-01
2.675503e+01
2.086330e-04
3.101937e+00
2.210195e-03
4.013252e+03
5.016289e-02
5.398189e+03
2.605700e+01
3.655673e+03
6.417075e-02
1.429694e-01
1.316968e+01
3.588374e+00
3.385730e-01
2.462640e-02
1.220927e+00
3.168536e-01
1.380183e+01
1.002573e+01
1.204877e-02
5.150681e+00
1.619838e+00
2.206811e-02
1.166592e+01
1.513680e-02
5.585789e+00
2.045046e+01
4.704441e+00
2.089967e+01
1.888105e-01
1.248041e+01
2.093391e+01
5.857161e+00
2.243511e+01
7.278946e+01
3.853301e+01
6.456091e-01
9.609352e+01
4.869925e+01
5.565664e-02
3.959106e+00
2.975944e+00
4.996634e-02
5.865010e+01
1.888482e+01
7.003390e-01
8.558982e-02
2.783950e-01
3.783826e-02
3.944164e+02
