1.406587e+00
2.919603e+00
7.646410e-01
9.825272e-01
4.009166e-01
5.248888e+00
3.846321e-02
3.819200e-01
9.551334e-02
7.688508e-01
3.105766e-01
4.918866e+00
9.148687e-01
2.990477e+01
2.294291e-01
9.238275e+00
6.939704e+00
2.151537e+00
1.207187e-01
1.256717e+00
2.253070e+00
6.256490e-02
2.494094e+00
1.265124e+00
2.532985e-02
3.280606e+00
2.582832e-01
3.885765e+00
6.462522e+00
1.259752e-01
3.785128e-01
8.401032e-04
4.314358e+00
3.961034e-01
1.137980e-01
1.150605e-03
5.930937e-02
4.307996e-03
6.435901e-01
3.366634e-01
7.358083e-04
5.744768e-02
1.077539e-01
7.442054e-03
1.556701e-03
1.638777e-03
8.560180e+00
2.797818e-01
2.726957e-03
2.823104e-02
6.126839e-02
1.053552e+00
1.337570e-03
2.161812e-03
4.445569e-01
1.144333e-01
2.339539e-03
1.050428e+01
3.999281e+00
1.613129e+01
7.088552e-02
1.607503e+00
3.923460e-01
1.172602e+00
2.023840e-03
5.359851e-01
4.989448e-02
8.576715e-03
2.991221e-01
6.113357e-04
1.066197e-01
4.790486e+00
5.766523e-02
6.353598e-01
1.308231e+01
1.291601e-03
2.192857e-03
1.761828e+02
8.334871e-02
4.864713e+01
1.396929e+01
1.274850e+01
2.203358e+03
2.068316e+02
5.345974e-02
3.224974e+00
4.437722e+02
1.601884e+00
1.952209e+03
3.700623e+00
3.450713e+00
4.986472e+02
3.114816e+02
2.103594e+00
8.602606e+00
3.478380e+03
1.332043e+01
8.767297e+04
4.591189e+03
2.827670e+02
9.514025e+00
1.472390e+00
1.193200e+00
1.070156e+01
9.607785e+01
1.400847e+01
6.476894e+02
2.185404e-01
7.687374e+00
1.251671e+01
3.722842e+02
4.759194e-03
1.801693e-01
1.650848e-01
3.589154e-02
9.182645e+02
4.150126e-01
6.293927e+00
1.938941e-01
2.087387e+00
1.019818e+04
4.027652e-01
1.503707e+00
4.131513e+01
1.164271e+02
6.344671e-01
1.211994e-04
2.796712e+01
1.397371e+01
4.319381e-02
4.029653e+02
1.597171e+03
4.030288e+03
1.760408e+00
1.389395e+02
2.951537e+03
7.145111e+01
1.073697e-03
3.515743e+03
4.066245e+03
4.440882e+00
8.095109e-02
2.842650e-02
8.493021e+02
1.218486e+03
9.877997e+01
2.019670e-01
5.351450e-01
1.310576e+03
1.271188e+02
8.937340e-04
8.533310e-04
1.081226e-02
5.544757e+02
6.217384e-04
1.005101e-01
1.431007e+00
8.897680e-01
2.248047e+00
1.032785e+04
6.055491e+00
1.916872e+03
1.194608e+01
5.170879e+01
1.343687e+00
1.251274e+02
1.641850e+01
9.682168e+01
4.825397e-03
1.411745e+02
9.374464e-01
5.930478e-01
4.112439e+01
9.641816e+03
2.993358e-01
7.611007e+01
1.017822e+00
3.580950e+02
2.119387e-03
7.044678e+00
2.048259e-02
1.092021e-02
6.126423e+00
4.946646e+00
4.345290e-02
3.105179e-01
9.437598e-01
1.576346e-02
4.714707e-01
9.442764e-01
7.632153e+00
6.935557e+00
9.022151e-01
4.254532e+00
4.639222e+00
2.105255e+00
4.454704e+00
4.556612e+00
6.424203e+00
1.853047e+00
3.946132e-02
1.093094e+01
9.042830e+00
1.096548e-01
3.511132e+00
1.290692e-02
4.619006e-01
6.672483e-02
6.279747e-02
1.345864e+00
1.414411e+00
3.845689e-02
1.616386e+00
4.807621e+00
2.000813e+00
1.715372e+01
4.805205e+00
4.447655e+00
1.021952e+00
1.007994e+00
3.217697e+01
