1.452754e+00
2.824821e+00
7.725881e-01
1.001543e+00
4.132913e-01
5.292133e+00
3.732868e-02
3.866961e-01
1.074517e-01
7.437176e-01
3.238726e-01
4.870180e+00
8.812407e-01
2.956243e+01
2.264286e-01
8.083993e+00
7.208437e+00
2.059632e+00
1.233739e-01
1.230977e+00
2.296697e+00
6.256715e-02
2.535682e+00
1.294240e+00
2.465874e-02
3.295119e+00
2.558719e-01
3.937200e+00
6.432164e+00
1.272583e-01
3.737832e-01
1.414769e-03
4.238853e+00
4.336001e-01
1.153091e-01
1.238694e-03
6.268164e-02
4.299026e-03
6.154875e-01
3.388208e-01
7.477452e-04
7.387488e-02
1.459061e-01
7.002928e-03
1.545684e-03
1.689689e-03
8.509409e+00
2.748394e-01
2.558086e-03
3.815684e-02
6.497661e-02
1.264553e+00
1.471603e-03
2.134854e-03
5.914158e-01
9.037601e-02
2.367778e-03
1.018917e+01
4.158676e+00
1.607105e+01
6.957198e-02
1.615584e+00
3.930351e-01
1.187453e+00
2.321017e-03
4.223844e-01
4.960147e-02
8.702047e-03
3.126272e-01
5.158770e-04
1.080715e-01
4.338090e+00
6.008634e-02
6.417876e-01
1.180036e+01
1.319465e-03
2.326512e-03
1.541950e+02
8.779901e-02
4.655070e+01
1.405334e+01
1.288066e+01
2.325618e+03
2.077943e+02
5.623472e-02
2.971806e+00
4.169303e+02
2.445535e+00
1.917131e+03
3.694870e+00
3.598718e+00
5.000554e+02
3.101454e+02
2.139177e+00
8.644484e+00
3.527433e+03
1.153801e+01
9.545977e+04
5.638042e+03
6.008844e+02
8.705052e+00
1.467805e+00
1.207016e+00
1.227705e+01
9.457783e+01
1.392174e+01
4.265175e+02
2.066431e-01
7.544977e+00
1.278430e+01
3.760102e+02
5.074184e-03
1.748388e-01
1.655668e-01
3.486369e-02
6.533594e+02
4.626903e-01
6.333270e+00
5.737508e-01
2.118731e+00
1.083960e+04
4.019507e-01
1.504505e+00
4.141636e+01
1.111496e+02
6.182369e-01
7.307928e-03
2.843225e+01
1.432097e+01
4.218360e-02
4.049394e+02
1.638372e+03
1.084753e+03
1.570737e+00
1.414650e+02
2.953504e+03
7.487048e+01
8.919217e-04
3.474914e+03
4.035124e+03
4.776544e+00
8.016429e-02
2.872205e-02
7.093770e+02
1.207849e+03
2.292336e+01
1.261583e-01
4.910318e-01
1.307500e+03
1.322322e+02
9.134391e-04
8.871559e-04
1.214384e-02
5.703840e+02
1.889040e-01
9.809233e-02
1.372732e+00
9.225253e-01
1.187018e+02
1.006056e+04
6.135599e+00
1.249223e+03
3.254928e+01
4.922092e+01
1.344865e+00
1.241344e+02
1.866410e+01
1.006541e+02
4.510499e-03
1.340321e+02
6.710743e-02
6.045148e-01
5.891846e+01
3.371057e+03
3.076942e-01
7.731447e+01
1.946191e+00
3.034536e+02
2.029623e-03
6.743451e+00
2.044039e-02
4.257728e-03
6.079068e+00
4.902815e+00
4.440448e-02
3.126138e-01
9.623492e-01
1.614954e-02
5.194444e-01
9.176775e-01
7.358946e+00
6.751390e+00
9.114550e-01
4.608827e+00
4.651645e+00
2.090335e+00
4.529285e+00
4.376051e+00
5.788730e+00
1.737720e+00
3.896792e-02
1.106339e+01
6.897733e+00
1.153332e-01
3.511896e+00
1.508426e-02
4.837346e-01
6.722200e-02
6.255593e-02
1.366610e+00
1.394711e+00
3.874633e-02
1.685562e+00
4.774643e+00
1.517696e+00
1.768159e+01
5.282154e+00
9.151563e+00
9.948497e-01
1.074053e+00
3.217281e+01
