1.607104e+00
2.334990e+00
7.542749e-01
6.823330e-01
4.113025e-01
5.365392e+00
5.222577e-02
3.174621e-01
9.813160e-02
6.865596e-01
3.528125e-01
5.868401e+00
8.380803e-01
2.141147e+01
2.584743e-01
6.450820e+00
3.256831e+00
1.635189e+00
1.227334e-01
1.313507e+00
3.451899e+00
5.883504e-02
1.214157e+00
1.289663e+00
5.018259e-02
4.231269e+00
2.322189e-01
4.829048e+00
6.252737e+00
1.324191e-01
3.772800e-01
1.342401e-03
2.008446e+01
4.511380e-01
1.306125e-01
1.496995e-03
7.183188e-02
3.669778e-03
6.234181e-01
3.200635e-01
8.016997e-04
6.456075e-02
1.396883e-01
3.135624e-02
1.680838e-03
1.454347e-03
7.685495e+00
2.787330e-01
2.327062e-03
3.361979e-02
5.737449e-02
1.453326e+00
9.781389e-04
3.040685e-03
5.034687e-01
9.632058e-02
2.239181e-03
1.256810e+01
4.127895e+00
1.823884e-02
7.827733e-02
2.391406e+00
3.549366e-01
1.717058e+00
2.622786e-03
6.220485e-01
5.143792e-02
3.944576e-03
3.686640e-01
9.190600e-04
1.092860e-01
4.341292e+00
4.133607e-02
5.289012e-01
1.130782e+01
2.101955e-03
4.357704e-03
1.674129e+02
1.063569e-01
3.812338e+01
1.586885e+01
1.457583e+01
2.423986e+03
2.720472e+02
6.571330e-02
2.886056e+00
5.431671e+02
2.263738e+00
2.148999e+03
3.237500e+00
2.670354e+00
5.246530e+02
2.177140e+03
2.397276e+00
2.256422e+01
5.461039e+03
1.601736e+01
8.406576e+04
5.812427e+03
5.685776e+02
1.011467e+01
1.185415e+00
1.588136e+00
1.088708e+01
7.835857e+01
7.090171e+00
3.963829e+02
2.824166e-01
6.962182e+00
2.294771e+00
3.888659e+02
3.426601e-02
1.953070e-01
7.408881e-02
3.546335e-02
7.825165e+02
4.383243e-01
1.385091e+01
1.351337e-01
1.256552e+00
2.903478e+04
6.615313e-01
1.533293e+00
3.780738e+01
1.538459e+02
1.484315e-01
3.573439e-03
3.155796e+01
8.755359e+00
5.592531e-02
3.182758e+02
1.253666e+03
1.526826e+03
1.495495e+00
1.306066e+02
2.472093e+03
7.200032e+01
8.596922e-04
2.795261e+03
3.922828e+03
6.397851e+00
9.302789e-02
2.611599e-02
6.641124e+02
1.443353e+03
7.682808e+01
1.257065e-01
4.876965e-01
1.284010e+03
1.107495e+02
9.174752e-04
6.252109e-04
1.227218e-02
1.214259e+04
8.478996e-02
7.919733e-02
1.644774e+00
8.700403e-01
5.690037e-01
2.183232e+04
6.046429e+00
9.806161e+02
3.104388e+01
5.816841e+01
1.106511e+00
1.224850e+02
1.749575e+00
9.960432e+01
5.642545e-03
9.149495e+01
3.323242e-02
6.446212e-01
7.454381e+00
8.638288e+03
2.741676e+01
6.692367e+01
2.160173e+00
5.266019e+02
2.470072e-03
1.307541e+01
1.386259e-01
5.108424e-02
5.605872e+00
6.549546e+00
3.904175e-02
3.571766e-01
6.035976e+00
1.253043e-02
5.508251e-01
1.031988e+01
8.875155e+00
8.879704e+00
9.563423e-01
4.997901e+00
4.506160e+00
2.351255e+00
4.660049e-01
5.022973e+00
5.759937e+00
2.664580e+00
3.570839e-02
1.043826e+01
7.083221e+00
1.078368e-01
4.540531e+00
1.024724e-02
4.936955e-01
6.790382e-02
1.501967e-02
1.328209e+00
1.560452e+00
4.932259e-02
1.896298e+00
3.773550e+00
1.365974e+00
2.156589e+01
5.809902e-01
9.313034e+00
1.033710e+00
1.097332e+00
3.327971e+01
