1.412759e+00
2.921538e+00
7.580875e-01
9.874483e-01
4.020044e-01
5.254500e+00
3.770074e-02
4.341283e-01
9.578376e-02
7.357053e-01
3.123040e-01
4.872760e+00
9.168396e-01
2.978724e+01
2.297412e-01
9.229122e+00
6.960433e+00
2.150702e+00
1.179746e-01
1.294432e+00
2.242899e+00
5.760639e-02
2.544017e+00
1.340834e+00
2.179272e-02
3.248966e+00
2.304729e-01
3.888098e+00
6.514718e+00
1.260863e-01
3.756098e-01
8.448847e-04
4.424764e+00
3.942228e-01
1.126724e-01
1.152274e-03
5.917022e-02
4.383291e-03
6.471469e-01
3.588263e-01
7.375952e-04
5.852900e-02
1.129638e-01
8.438187e-03
1.556192e-03
1.630844e-03
8.585548e+00
2.802388e-01
2.490839e-03
3.023135e-02
6.167549e-02
1.049552e+00
1.331435e-03
2.237444e-03
4.546096e-01
1.143005e-01
2.332398e-03
1.045999e+01
4.057610e+00
1.624184e+01
7.077083e-02
1.608747e+00
4.053485e-01
1.218917e+00
2.088628e-03
5.260323e-01
5.204251e-02
8.403554e-03
3.000607e-01
6.091187e-04
1.244946e-01
5.014972e+00
5.761295e-02
7.743364e-01
1.185950e+01
1.470936e-03
2.130632e-03
1.620019e+02
7.903355e-02
4.854234e+01
1.408182e+01
1.274638e+01
2.196664e+03
2.062429e+02
5.387438e-02
3.256424e+00
4.063878e+02
1.590641e+00
1.951943e+03
3.753954e+00
3.425393e+00
4.973750e+02
3.117186e+02
2.092499e+00
8.722808e+00
3.361690e+03
1.288952e+01
8.866257e+04
4.704786e+03
2.838911e+02
9.556095e+00
1.473153e+00
1.210130e+00
1.061260e+01
9.600879e+01
1.384708e+01
7.282934e+02
2.234976e-01
7.790384e+00
1.252193e+01
3.702329e+02
4.769108e-03
2.023503e-01
1.661983e-01
3.427613e-02
9.174135e+02
3.922417e-01
6.780043e+00
1.948684e-01
2.095325e+00
1.026045e+04
4.042941e-01
1.506136e+00
4.150909e+01
1.172371e+02
6.314943e-01
1.120001e-04
2.741419e+01
1.397190e+01
4.329051e-02
4.373721e+02
1.576224e+03
4.507710e+03
1.765178e+00
1.414387e+02
3.132560e+03
7.150823e+01
2.092620e-03
3.530172e+03
4.147290e+03
4.367564e+00
8.067515e-02
3.278955e-02
8.739111e+02
1.219033e+03
1.008389e+02
1.987210e-01
5.431585e-01
4.968685e+03
1.277713e+02
8.427369e-04
8.522034e-04
1.083290e-02
5.641637e+02
6.023362e-04
1.010052e-01
1.466220e+00
8.895635e-01
2.294021e+00
9.385718e+03
6.369706e+00
1.652668e+03
1.162817e+01
5.050966e+01
1.413788e+00
1.251602e+02
1.626861e+01
9.638417e+01
4.855188e-03
1.445030e+02
9.359944e-01
6.307168e-01
3.293161e+01
9.516960e+03
3.298262e-01
7.567766e+01
8.406441e-01
3.594316e+02
2.043437e-03
7.124576e+00
2.014202e-02
1.094442e-02
6.076900e+00
4.941195e+00
4.347828e-02
3.123965e-01
9.481190e-01
1.535804e-02
4.497963e-01
9.381329e-01
8.842568e+00
6.917991e+00
8.849816e-01
4.277531e+00
4.711227e+00
2.103447e+00
4.320796e+00
4.516628e+00
6.146613e+00
1.885317e+00
3.953396e-02
1.089008e+01
9.121192e+00
1.083136e-01
3.496805e+00
1.274755e-02
4.627838e-01
6.669210e-02
6.287639e-02
1.352166e+00
1.424335e+00
3.837778e-02
1.611369e+00
4.804099e+00
1.999044e+00
1.699174e+01
4.724769e+00
4.446172e+00
1.009148e+00
1.026844e+00
3.093871e+01
