2.346155e+00
2.581137e+00
7.001479e-01
7.918288e-01
4.282514e-01
5.016823e+00
5.658640e-02
3.192165e-01
9.496303e-02
6.702023e-01
3.475020e-01
5.382270e+00
2.500935e+00
3.583120e+01
4.588092e-02
6.242496e+00
2.246445e+01
1.304871e+01
1.355292e-01
1.251262e+00
4.619795e+00
5.298538e-02
1.135035e+00
9.456549e-01
1.053008e-02
3.992583e+00
9.325626e-02
4.389314e+00
6.367893e+00
1.284709e-01
4.200432e-01
1.083905e-03
1.637476e+01
4.495630e-02
9.289350e-02
9.747935e-04
5.672915e-02
4.690031e-03
7.929658e-01
2.847681e-01
9.795734e-04
5.679816e-02
1.228119e-01
6.071757e-02
3.062829e-03
1.327195e-03
4.278626e+00
1.753915e+00
2.052931e-03
8.146024e-02
5.389742e-02
2.672633e+00
1.001127e-03
3.228778e-03
6.495341e-01
9.000517e-02
1.964929e-03
5.483759e+01
2.984084e+00
3.983787e-02
7.887902e-02
1.644879e-01
3.051696e-01
1.657881e+00
1.701200e-03
5.858330e-01
5.613324e-02
5.402908e-03
4.302481e-01
9.243645e-04
9.916974e-02
3.694864e+00
4.516540e-02
4.516197e-01
1.191540e+01
1.790191e-03
6.116111e-03
1.635903e+02
7.710117e-02
3.223501e+01
1.469323e+01
1.025581e+02
2.565003e+03
8.824614e+02
7.209744e-02
2.776591e+00
2.214631e+02
1.445337e+00
1.962654e+03
3.993208e+00
2.346911e+00
5.865113e+02
1.941368e+03
5.490749e+00
1.863215e+01
9.720111e+03
2.398309e+01
9.582293e+04
1.811812e+03
5.590299e+02
1.064339e+01
1.660246e+00
2.616919e+00
9.618545e+00
8.393630e+01
6.881171e+00
2.723309e+02
1.802824e+00
5.614053e+00
2.478650e+00
2.943025e+02
1.633138e-01
1.459462e-01
6.915078e-02
1.042007e-01
8.454690e+02
2.378147e-02
1.402132e+01
5.672482e-02
1.487672e+00
3.130839e+04
6.190093e-01
2.732455e+00
4.329108e+01
4.346532e+02
1.927998e-02
2.382489e-03
3.816775e+01
7.257251e+00
1.569227e-01
2.733693e+02
1.049616e+03
8.241627e+02
1.505613e+00
8.760242e+01
2.814996e+03
6.977794e+01
5.145188e-04
4.720878e+03
3.350686e+02
6.913684e+00
1.077224e-01
2.144663e-02
7.317880e+02
1.449600e+03
1.364550e+02
1.895993e-01
6.500455e-01
1.113897e+03
1.473122e+02
8.711365e-04
6.967482e-04
1.069030e-02
1.364617e+04
2.936701e-02
6.608333e-02
1.581860e+00
9.762466e-01
3.468954e-01
6.228925e+02
5.427186e+00
4.920581e+02
3.901428e+01
4.403497e+01
4.883324e-01
1.246931e+02
2.881662e+00
1.080193e+02
5.842692e-03
1.024260e+02
4.375223e-04
1.073514e+00
2.494240e+00
2.824292e+03
1.368175e+02
1.444357e+02
3.928105e+00
3.720906e+02
2.615521e-03
1.712516e+01
5.500083e-02
5.963507e-02
5.894710e+00
6.406103e+00
3.217953e-02
4.365423e-01
9.537078e+00
6.012251e-02
6.058018e-01
2.063704e+01
9.264234e+00
7.657280e+00
9.611937e-01
3.428935e+00
5.394174e+00
2.397078e+00
3.548428e-01
5.510794e+00
5.019822e+00
2.566844e+00
2.292026e-02
8.291530e+00
7.349696e+00
1.191617e-01
5.096763e+00
5.087190e-02
5.474608e-01
6.911308e-02
7.356477e-02
1.277521e+00
1.574846e+00
5.079202e-02
2.061871e+00
2.099567e+01
1.956978e+00
4.750419e+01
6.740328e-01
1.094879e+01
9.283359e-01
1.199449e+00
3.770830e+01
