1.670721e+00
2.390978e+00
8.240844e-01
6.657875e-01
3.988198e-01
5.841016e+00
5.272982e-02
3.117376e-01
8.065537e-02
7.211012e-01
2.145567e-01
5.628387e+00
8.012780e-01
1.943403e+01
2.580843e-01
3.376414e+00
3.265223e+00
2.131164e+00
1.234829e-01
1.316724e+00
3.246324e+00
6.147611e-02
9.304691e-01
1.281854e+00
2.658891e-02
4.649403e+00
2.324144e-01
4.789841e+00
6.475559e+00
1.557039e-01
3.517481e-01
8.351388e-04
1.575963e+01
4.694592e-01
9.232098e-02
1.330521e-03
6.855953e-02
3.442238e-03
1.048578e+00
3.199193e-01
8.352333e-04
7.110299e-02
2.368542e-01
7.986892e-03
1.797220e-03
1.481443e-03
7.219577e+00
2.672794e-01
2.281349e-03
3.719198e-02
5.871506e-02
1.317475e+00
4.210717e-04
2.621028e-03
8.220524e-01
1.060146e-01
2.662472e-03
1.200317e+01
3.579116e+00
1.103928e-01
7.787401e-02
1.539560e+00
3.827123e-01
1.824363e+00
2.039693e-03
4.528927e-01
5.655832e-02
2.409450e-02
3.388286e-01
4.626166e-04
9.959678e-02
4.585492e+00
3.864118e-02
6.561299e-01
1.354795e+01
5.744040e-04
1.593446e-03
2.143126e+01
7.506748e-02
5.882845e+01
2.168948e+01
1.236056e+01
1.902515e+03
1.630745e+02
1.448735e-01
4.236023e+00
4.811751e+02
1.445121e+00
2.017780e+03
3.384273e+00
1.783748e+00
5.225462e+02
7.832380e+02
5.254148e+00
2.457232e+01
4.449790e+03
1.251964e+01
7.951477e+04
4.476373e+03
5.217993e+02
1.005394e+01
1.234102e+00
2.247913e+00
1.018246e+01
3.194275e+02
6.491673e+00
4.842686e+02
4.108798e-01
7.935372e+00
1.797460e+01
4.100630e+02
4.863875e-02
6.077717e-02
1.051041e-01
4.042541e-02
6.727578e+02
4.673700e-01
4.166841e+01
2.336187e-01
1.124860e+00
2.983799e+04
6.542676e-01
3.230907e-01
3.274559e+01
1.171856e+02
7.729067e-01
7.610598e-03
2.508292e+01
8.207573e+00
2.087575e-01
4.305168e+02
1.015962e+03
1.409906e+03
1.323096e+00
1.791305e+02
3.426125e+03
7.239936e+01
1.632172e-03
2.749322e+03
4.494316e+03
5.848285e+00
1.936087e-01
2.710790e-02
7.073024e+02
1.308317e+03
2.359307e+01
1.409886e-01
4.860039e-01
1.446340e+03
1.295234e+02
8.737937e-04
6.272119e-04
6.252287e-03
6.394928e+02
1.339798e-03
7.462233e-02
1.611620e+00
7.990653e-01
6.421858e-01
1.188572e+04
5.231652e+00
6.205544e+02
3.600192e+01
5.564410e+01
9.068630e-01
1.312385e+02
2.142116e+00
9.629728e+01
5.571452e-03
2.311862e+02
3.033372e-02
8.447137e-01
6.813104e+00
8.595455e+03
4.529891e-01
7.583724e+01
1.616125e+00
5.085508e+02
3.389375e-03
6.956868e+00
1.251177e-01
3.432313e-02
6.245569e+00
4.628240e+00
4.073551e-02
3.565746e-01
9.692892e-01
1.499104e-02
4.965320e-01
1.197076e+00
1.394507e+01
1.212391e+01
9.593511e-01
5.055693e+00
4.869092e+00
2.295390e+00
4.110322e-01
5.522585e+00
1.473284e+01
3.100657e+00
5.350582e-02
9.802685e+00
7.172597e+00
1.086061e-01
4.717373e+00
1.102605e-02
5.109678e-01
6.378354e-02
6.700670e-02
1.113329e+00
1.438118e+00
3.114390e-02
1.938878e+00
4.785330e+00
1.430150e+00
3.979629e+01
5.796962e+00
9.496578e+00
1.091796e+00
1.001832e+00
2.869696e+01
