2.232718e+00
2.610189e+00
7.532971e-01
7.306672e-01
4.222512e-01
5.362150e+00
5.302750e-02
3.190052e-01
9.760830e-02
6.852990e-01
3.554338e-01
5.728432e+00
8.573807e-01
2.252219e+01
2.514069e-01
6.513040e+00
3.098855e+00
2.157969e+00
1.567087e-01
1.304161e+00
3.393282e+00
5.817428e-02
1.220825e+00
1.237849e+00
5.094732e-02
4.162048e+00
1.152750e-01
4.797396e+00
6.220691e+00
1.283979e-01
3.736523e-01
1.341137e-03
1.895997e+01
4.547562e-01
1.301154e-01
1.513657e-03
7.287794e-02
3.848112e-03
6.215930e-01
2.678266e-01
8.711449e-04
6.480777e-02
1.365724e-01
4.129096e-02
2.334369e-03
1.260348e-03
7.657167e+00
9.564128e-01
2.183756e-03
3.341839e-02
6.007734e-02
1.511914e+00
1.034853e-03
2.957372e-03
5.483113e-01
9.363144e-02
2.180319e-03
1.268398e+01
4.149025e+00
1.909031e-02
8.063998e-02
5.573055e-01
3.571399e-01
1.580898e+00
2.631787e-03
6.008389e-01
5.155579e-02
3.875625e-03
3.774886e-01
9.283316e-04
1.068120e-01
4.276921e+00
4.028320e-02
5.604913e-01
1.141140e+01
2.112486e-03
1.702084e-02
1.592199e+02
1.030827e-01
3.973954e+01
1.589386e+01
1.466431e+01
2.532645e+03
2.997989e+02
6.623225e-02
2.900124e+00
5.113752e+02
2.036708e+00
2.165954e+03
3.251607e+00
2.634614e+00
5.146257e+02
2.205583e+03
2.672735e+00
2.272392e+01
5.512353e+03
2.114306e+01
9.560786e+04
5.694344e+03
6.357583e+02
1.008506e+01
1.207662e+00
1.260660e+00
1.083024e+01
7.850735e+01
6.947810e+00
3.950958e+02
3.267896e-01
6.995939e+00
2.323877e+00
3.750684e+02
3.862935e-02
1.841481e-01
6.859567e-02
3.168967e-02
8.514602e+02
5.392198e-01
1.371663e+01
1.186391e-01
1.255745e+00
2.730370e+04
6.628982e-01
2.966131e+00
3.772907e+01
3.768240e+02
7.453322e-02
3.755001e-03
3.182427e+01
8.800662e+00
5.518532e-02
3.250755e+02
8.738283e+02
1.480856e+03
1.318053e+00
8.393091e+01
2.373052e+03
7.257930e+01
7.825592e-04
2.768091e+03
3.911752e+03
6.560940e+00
9.321275e-02
2.282348e-02
6.546178e+02
1.555309e+03
7.891954e+01
1.460654e-01
4.900179e-01
1.078204e+03
1.118002e+02
9.303924e-04
6.333727e-04
1.235636e-02
1.180913e+04
9.338729e-02
7.739111e-02
1.604363e+00
8.654247e-01
5.823149e-01
2.228987e+04
6.058278e+00
9.828030e+02
3.550454e+01
5.813197e+01
9.816527e-01
1.225894e+02
2.005864e+00
9.911671e+01
5.527738e-03
9.114936e+01
2.171134e-02
6.429218e-01
8.225268e+00
8.665178e+03
2.488426e+01
6.712904e+01
2.283691e+00
5.264873e+02
2.426702e-03
1.306523e+01
7.953649e-02
4.774381e-02
5.623302e+00
6.729845e+00
3.256546e-02
3.563306e-01
6.351359e+00
1.031975e-02
5.473676e-01
3.191429e+01
8.818816e+00
8.756434e+00
8.911319e-01
4.981545e+00
4.486206e+00
2.599370e+00
4.362262e-01
5.061239e+00
5.819730e+00
2.621821e+00
3.051087e-02
8.788200e+00
6.927817e+00
1.049026e-01
4.561985e+00
1.116425e-02
4.919160e-01
6.747369e-02
1.311980e-02
1.328956e+00
1.551482e+00
5.064850e-02
1.927574e+00
3.785591e+00
1.390586e+00
2.101409e+01
5.851564e-01
9.524772e+00
1.064230e+00
1.101970e+00
3.322560e+01
