2.264403e+00
2.539889e+00
6.044921e-01
7.662010e-01
4.376762e-01
5.150794e+00
5.528084e-02
3.176785e-01
9.375365e-02
6.718015e-01
3.687500e-01
5.223507e+00
7.808319e-01
2.795345e+01
2.570911e-01
6.627667e+00
3.274734e+00
2.272016e+00
1.366176e-01
1.321084e+00
3.423712e+00
5.881377e-02
1.192266e+00
1.259916e+00
5.973153e-02
3.978562e+00
1.102079e-01
4.361817e+00
6.524054e+00
1.295881e-01
4.460081e-01
1.100162e-03
8.836140e+00
4.519339e-01
1.064917e-01
1.306550e-03
7.388496e-02
4.236780e-03
6.175447e-01
2.974152e-01
9.231205e-04
6.261259e-02
1.352079e-01
4.795727e-02
2.312357e-03
1.207932e-03
4.405872e+00
1.173148e+00
2.003757e-03
3.370636e-02
5.715312e-02
1.717282e+00
1.112375e-03
2.912844e-03
5.206951e-01
9.244638e-02
1.902361e-03
1.106471e+01
4.578946e+00
1.544268e-02
8.247736e-02
4.413926e-01
2.596907e-01
1.670245e+00
1.607943e-03
6.084504e-01
4.599515e-02
5.002906e-03
3.869598e-01
9.562251e-04
1.030952e-01
4.078634e+00
4.541473e-02
4.512359e-01
1.174542e+01
1.853329e-03
5.936726e-03
1.790055e+02
7.966551e-02
3.428055e+01
1.598607e+01
1.653826e+01
2.433194e+03
3.405391e+02
6.895106e-02
2.887869e+00
5.476229e+02
2.021972e+00
1.945133e+03
3.383724e+00
2.873739e+00
5.810953e+02
2.325593e+03
3.815720e+00
1.948899e+01
3.641074e+03
2.428765e+01
6.662062e+04
2.666221e+03
5.747670e+02
1.000269e+01
1.631769e+00
2.504534e+00
1.091405e+01
7.957284e+01
7.525706e+00
4.007008e+02
3.773044e-01
5.948062e+00
2.281538e+00
3.364423e+02
4.926739e-02
1.671208e-01
6.475785e-02
4.709199e-02
9.874353e+02
2.168415e-02
1.426737e+01
6.537782e-02
1.529521e+00
3.080984e+04
7.832290e-01
2.947893e+00
4.553438e+01
3.990063e+02
5.089177e-02
3.448651e-03
3.641389e+01
7.080064e+00
6.434425e-02
2.926031e+02
9.784434e+02
1.509622e+03
1.403527e+00
9.029273e+01
2.315639e+03
6.638762e+01
6.966013e-04
2.531260e+03
3.201073e+03
7.713286e+00
9.599578e-02
2.351197e-02
5.990882e+02
1.364290e+03
1.390487e+02
1.782755e-01
5.398602e-01
1.078448e+03
1.012894e+02
9.862789e-04
6.819293e-04
1.163893e-02
1.420663e+04
3.580452e-02
7.208604e-02
1.592146e+00
9.121972e-01
4.074196e-01
3.237309e+04
6.594894e+00
4.011311e+02
3.824238e+01
5.428826e+01
8.976513e-01
1.255976e+02
2.507537e+00
9.946820e+01
6.081476e-03
8.891650e+01
2.196702e-02
6.580687e-01
8.455123e+00
9.696869e+03
4.366304e+01
6.512139e+01
2.581223e+00
5.243369e+02
2.363459e-03
1.494234e+01
6.068416e-02
4.659787e-02
5.405500e+00
6.851117e+00
3.080548e-02
3.672409e-01
6.832437e+00
1.072042e-02
6.278607e-01
1.703892e+01
8.816392e+00
7.580838e+00
9.280936e-01
4.821985e+00
4.712449e+00
2.656768e+00
4.641413e-01
5.046178e+00
5.620513e+00
2.560451e+00
2.501931e-02
8.644896e+00
6.562942e+00
1.106156e-01
4.808126e+00
1.238979e-02
4.754898e-01
7.142428e-02
8.167948e-02
1.337264e+00
1.569315e+00
5.159795e-02
1.963699e+00
4.564342e+00
1.362960e+00
2.213960e+01
6.550346e-01
1.056416e+01
9.073914e-01
1.122690e+00
3.389631e+01
