1.697532e+00
2.306270e+00
7.873758e-01
6.712038e-01
4.005660e-01
5.523605e+00
5.168528e-02
4.055635e-01
1.012089e-01
7.529125e-01
3.524721e-01
5.506006e+00
8.016262e-01
1.901997e+01
2.303706e-01
6.247508e+00
3.403680e+00
2.034085e+00
1.242329e-01
1.316964e+00
3.521647e+00
5.969796e-02
2.401043e+00
1.298722e+00
2.240018e-02
4.440051e+00
2.296968e-01
4.424597e+00
6.230046e+00
1.325904e-01
3.565373e-01
1.404040e-03
1.690420e+01
4.026243e-01
9.011764e-02
1.397395e-03
6.998693e-02
4.183547e-03
4.878292e-01
3.346792e-01
8.088354e-04
6.109015e-02
1.404703e-01
7.142311e-03
1.704306e-03
1.464256e-03
9.054018e+00
2.684652e-01
2.409918e-03
3.486956e-02
5.878262e-02
1.733938e+00
4.572167e-04
2.570650e-03
5.008297e-01
9.985327e-02
1.445273e-03
1.177927e+01
3.730781e+00
3.155675e+01
7.788113e-02
2.304426e+00
4.015446e-01
1.917657e+00
2.231581e-03
4.358319e-01
4.997019e-02
4.903885e-03
3.231934e-01
4.712582e-04
1.099551e-01
4.441002e+00
4.001966e-02
6.409400e-01
1.113808e+01
1.893410e-03
2.047304e-03
1.623703e+02
8.932630e-02
4.845019e+01
1.552923e+01
1.316253e+01
1.950506e+03
1.884330e+02
5.789898e-02
2.937628e+00
4.888739e+02
2.679654e+00
2.236781e+03
3.561524e+00
1.725701e+00
5.272521e+02
8.055905e+02
2.316344e+00
2.138620e+01
5.893111e+03
1.217851e+01
9.114985e+04
5.011163e+03
5.774227e+02
9.960312e+00
1.200452e+00
1.679812e+00
1.164060e+01
9.522944e+01
6.824868e+00
4.358566e+02
2.080517e-01
7.456121e+00
1.470626e+01
4.105874e+02
5.648464e-03
1.997945e-01
1.141494e-01
3.513471e-02
6.858463e+02
4.539010e-01
5.919907e+00
3.215809e-01
1.339716e+00
2.768603e+04
6.504848e-01
1.923678e+00
3.648691e+01
1.276100e+02
7.063997e-01
7.882107e-03
2.831459e+01
8.575373e+00
5.279618e-02
4.372564e+02
1.449103e+03
1.565878e+03
1.483186e+00
1.415719e+02
2.889124e+03
7.444869e+01
1.123067e-03
2.697031e+03
4.446353e+03
5.609938e+00
9.274058e-02
2.656950e-02
6.769273e+02
1.305159e+03
2.326818e+01
1.313692e-01
5.011497e-01
1.429505e+03
1.323342e+02
9.310518e-04
6.343458e-04
1.208212e-02
6.037687e+02
1.807433e-01
9.000825e-02
1.610597e+00
9.024921e-01
5.842127e-01
1.090265e+04
5.758496e+00
8.866451e+02
3.516748e+01
5.309714e+01
1.135286e+00
1.252520e+02
1.824831e+00
9.964060e+01
6.260405e-03
8.933461e+01
6.681256e-02
8.635699e-01
9.324200e+00
9.582376e+03
3.603455e-01
7.564413e+01
2.249224e+00
5.141852e+02
2.399421e-03
6.964421e+00
1.566900e-01
3.276697e-02
5.766458e+00
5.137283e+00
4.660827e-02
3.564464e-01
9.472364e-01
1.519230e-02
5.076729e-01
1.210528e+00
1.002700e+01
1.139243e+01
9.410912e-01
5.049876e+00
4.928237e+00
2.330737e+00
5.041839e-01
5.219868e+00
5.614132e+00
2.699620e+00
5.236238e-02
1.033112e+01
6.985120e+00
1.088236e-01
4.846698e+00
1.003807e-02
4.936304e-01
6.527435e-02
6.617376e-02
1.385966e+00
1.390139e+00
2.784192e-02
1.878145e+00
4.765339e+00
1.492371e+00
3.967766e+01
5.493680e+00
8.676040e+00
1.082528e+00
1.036356e+00
3.119530e+01
