1.622749e+00
2.324950e+00
7.687632e-01
6.696365e-01
4.091781e-01
5.522164e+00
5.064706e-02
4.058812e-01
1.011576e-01
7.321043e-01
3.524157e-01
5.536796e+00
7.986759e-01
2.090748e+01
2.301258e-01
6.226260e+00
3.691672e+00
2.042505e+00
1.242521e-01
1.267233e+00
3.515072e+00
6.021847e-02
2.522333e+00
1.304749e+00
2.372570e-02
4.433090e+00
2.242869e-01
4.609353e+00
6.320249e+00
1.337901e-01
3.542125e-01
1.403116e-03
1.634668e+01
4.067189e-01
1.053602e-01
1.394522e-03
6.923884e-02
4.119037e-03
4.863481e-01
3.353533e-01
8.193509e-04
5.808552e-02
1.410045e-01
9.160738e-03
1.683762e-03
1.462761e-03
8.783494e+00
2.666774e-01
2.417953e-03
3.432219e-02
5.854896e-02
1.789631e+00
9.242894e-04
2.719076e-03
5.075222e-01
1.002373e-01
1.410972e-03
1.264096e+01
3.720783e+00
3.109012e+01
7.726430e-02
2.340185e+00
3.711268e-01
1.920348e+00
2.897141e-03
6.613592e-01
5.129450e-02
3.842144e-03
3.340751e-01
4.719699e-04
1.092568e-01
4.491298e+00
4.019158e-02
6.222558e-01
1.116729e+01
1.962685e-03
2.079180e-03
1.614591e+02
1.094757e-01
4.827290e+01
1.579133e+01
1.320228e+01
2.423702e+03
1.902427e+02
6.269281e-02
2.926045e+00
4.860612e+02
2.643546e+00
2.238416e+03
3.337229e+00
2.155289e+00
5.361028e+02
8.126559e+02
2.385201e+00
2.118255e+01
5.711715e+03
1.430463e+01
9.063715e+04
4.888376e+03
5.913411e+02
1.028809e+01
1.203253e+00
1.638362e+00
1.145947e+01
7.691342e+01
7.252671e+00
4.062388e+02
2.958737e-01
7.420876e+00
1.440248e+01
4.079838e+02
6.210002e-03
2.102140e-01
1.139047e-01
3.515963e-02
6.845232e+02
4.560483e-01
1.299961e+01
3.321586e-01
1.333795e+00
2.879923e+04
6.560521e-01
1.659368e+00
3.659282e+01
1.282512e+02
6.701176e-01
5.014678e-03
2.727390e+01
9.216031e+00
5.486873e-02
4.322435e+02
1.219632e+03
1.564930e+03
1.505122e+00
1.414438e+02
2.884686e+03
7.174830e+01
1.037483e-03
2.825762e+03
5.113127e+03
5.844060e+00
9.215015e-02
2.543402e-02
7.225784e+02
1.316981e+03
2.397967e+01
1.305410e-01
4.801026e-01
1.514801e+03
1.322301e+02
9.305329e-04
6.381073e-04
1.240715e-02
6.457344e+02
1.641559e-01
8.816345e-02
1.614986e+00
8.854335e-01
6.041009e-01
1.118304e+04
5.054908e+00
9.049806e+02
3.409932e+01
5.566352e+01
1.221224e+00
1.260177e+02
1.894566e+00
1.008949e+02
6.389839e-03
8.921828e+01
3.733848e-02
9.634547e-01
8.512268e+00
9.670923e+03
3.654849e-01
7.562650e+01
2.178282e+00
5.093849e+02
2.405218e-03
7.043549e+00
1.293659e-01
3.814755e-02
5.868556e+00
4.911595e+00
4.635289e-02
3.521689e-01
9.443458e-01
1.442102e-02
5.355633e-01
1.214345e+00
9.573739e+00
1.194335e+01
9.427501e-01
5.067430e+00
4.847164e+00
2.321533e+00
4.658466e-01
5.155903e+00
5.655532e+00
2.705141e+00
4.774630e-02
1.039513e+01
6.910611e+00
1.085999e-01
4.669885e+00
1.105914e-02
4.906741e-01
6.643461e-02
6.591174e-02
1.326694e+00
1.396860e+00
2.791932e-02
1.904325e+00
4.701943e+00
1.401970e+00
3.668079e+01
5.697546e+00
8.773380e+00
1.021453e+00
1.046847e+00
3.111438e+01
