9.980899e-01
1.129958e+00
1.982015e-01
3.698796e+01
1.257512e-01
1.823136e-02
9.191553e-02
2.880365e+01
1.029952e-01
9.154305e+01
6.076329e+00
5.164134e-01
2.395783e-02
2.458661e+00
1.041416e+01
3.187167e-02
2.242833e+00
2.539338e+00
3.398737e+01
9.946736e+01
6.113544e-02
3.718837e+00
1.779069e-01
3.850002e-02
1.942740e-01
1.965302e-02
2.168306e+01
3.157527e-01
4.976166e+01
6.911651e-01
6.900841e+01
1.375968e-02
6.202117e-01
8.752981e-04
4.208961e-02
2.429047e+01
2.453969e+00
1.296091e-04
6.702450e-02
6.977903e+01
9.873703e-01
1.660693e-02
1.269690e+01
1.059492e+01
2.480892e+00
4.434268e-03
2.747246e-03
3.191483e-01
1.217256e-03
5.468016e-02
7.233870e+01
9.669679e+00
1.237640e-04
4.531522e+00
4.311753e+01
1.627553e-01
9.184600e-01
7.144781e-02
5.039352e-04
4.948835e+00
5.845785e-04
1.175972e-01
8.650711e-01
5.762338e-01
1.508084e-03
1.472321e-04
3.482420e+01
3.122013e+01
8.536578e+00
9.872492e+00
8.493742e-04
2.863138e-04
3.143048e-03
2.134057e+01
6.678207e-04
6.520744e+04
1.493194e-04
9.638722e-01
8.619351e+01
6.147957e+02
2.060244e+04
2.598388e+02
3.155733e+00
4.470002e-02
1.285928e+03
2.876731e+03
1.479927e-01
6.682040e+00
4.851370e+03
2.719841e-04
9.336080e+03
7.358241e+03
6.876670e+02
3.138058e-04
3.307078e+00
2.223636e+04
1.578812e+03
2.294862e+03
3.797434e+00
5.800184e-02
1.429270e+03
1.441438e+01
3.347505e+02
1.589120e+02
1.227772e+00
9.994521e-04
3.869675e+00
6.825101e-04
4.283686e+02
1.535704e+01
1.128307e+02
4.704094e+00
2.585743e-01
1.337061e-02
1.141984e+00
2.434022e-03
3.826238e+02
9.676579e-01
8.013436e+02
4.142470e+01
3.310852e+00
3.592527e+00
4.612667e-03
8.005180e+01
1.693083e+01
1.416122e+00
2.000860e+04
1.077689e-02
1.153420e+00
7.371086e+02
2.668572e+00
2.159177e+01
7.250176e+00
1.014865e+00
2.344787e+03
1.494005e+03
7.924859e+02
4.902684e+00
1.857765e+03
2.453783e+04
3.363978e+03
4.707263e-01
2.887624e-03
5.107774e-04
1.591079e+02
1.603077e-02
1.322286e+01
2.868017e-01
5.576596e+03
6.971781e+00
5.786664e-02
1.131776e-04
4.271392e+03
4.813435e-02
6.439481e-02
6.097412e-04
7.368128e-04
8.843906e+01
3.580366e-04
2.423756e-01
1.406514e-04
7.368633e+04
2.936784e-01
6.451179e+00
1.069478e-03
1.516492e+03
8.479236e+00
1.399851e+00
3.050316e-01
3.943400e-02
4.283673e-03
3.343267e+02
7.007853e+04
2.981317e+00
6.889497e+00
1.514385e+03
5.800309e+03
3.894904e+03
2.070446e-02
7.730533e+02
1.057766e-04
4.159608e-01
5.041035e+00
6.325035e-01
5.205279e-02
2.388346e+01
2.818172e+01
1.119881e+01
3.888832e+01
4.423518e-01
2.083871e+00
6.401081e+01
8.952833e+00
3.379709e-02
1.511731e-02
5.847732e-01
1.922697e-02
1.272106e+01
3.774363e+01
2.313253e+00
1.664435e-02
2.708451e+00
5.457995e+01
5.927506e+00
4.293100e+00
1.586995e+00
5.161198e-02
6.913704e-02
1.865999e+00
1.119956e+01
1.760099e-01
1.322455e-02
4.789226e-01
1.000620e-01
3.898521e+00
4.582425e-01
1.286747e+01
1.056065e+01
1.811228e+00
2.282336e+01
4.472389e+01
