1.740635e+00
4.750272e-01
1.140371e-01
2.268306e+01
1.218400e+00
1.083983e-01
1.285662e+01
1.112319e+01
9.233809e-02
4.066798e+00
1.773873e+01
1.759880e+00
1.907979e-02
1.920940e+00
1.787484e+00
5.262585e-02
1.459195e+00
1.147568e+01
2.292543e+01
2.656789e+00
6.206096e-02
4.298122e+00
1.338128e-01
8.493942e-02
4.104269e-01
5.435371e-02
2.908848e+01
2.212667e-01
3.476259e-02
3.695040e-01
2.951255e+00
5.283410e-02
6.634387e-01
5.252926e-04
4.749355e-02
1.181119e+01
1.745976e-01
8.968540e-02
8.255424e-02
6.183798e+00
1.779125e+00
4.132938e-03
4.083610e+01
9.808401e+00
1.354732e+00
1.435386e-03
2.358723e-03
8.375496e-01
6.227223e-04
2.380633e-02
5.466829e+00
2.421747e+00
1.976408e-03
3.801240e+00
2.111010e-01
3.998026e-01
4.211409e+00
8.093521e-02
5.646322e-04
6.951064e-01
3.605086e-04
1.932037e-02
5.372026e-01
8.800948e-01
1.465255e-03
2.717221e-04
2.216943e+01
6.741802e-02
3.431229e+00
2.926427e+00
2.148557e-03
1.308698e-03
2.982563e-01
2.384801e+00
1.636648e-02
3.647788e-01
2.053295e-04
2.829381e-01
5.520365e+01
1.243063e+04
1.317663e+03
3.446489e+03
4.085912e+00
1.965550e-01
2.928902e+03
1.639819e+04
7.547232e-02
2.029427e+01
2.210611e+03
1.363790e+01
3.797531e+02
1.922058e+04
5.856876e+02
1.945942e-01
1.078903e+01
5.503870e+04
4.352483e+02
8.908321e+03
2.481252e+01
4.492915e-02
5.519907e+01
1.149315e+01
2.425094e+02
7.869241e+01
3.042094e+00
1.530510e+01
3.664233e+00
6.078763e-01
7.316692e+02
1.852027e+00
8.009995e+01
1.103445e+01
4.471669e-01
1.330693e-02
1.420653e+01
5.417576e-03
5.476259e+01
8.667571e-01
3.039849e+01
2.103897e+02
2.220198e+00
2.767002e+01
1.725474e-02
5.414942e+01
1.840579e+01
2.339392e+00
7.074729e+00
2.390600e-02
5.132003e+00
3.209891e+03
2.544377e+00
8.917847e+01
6.454219e+00
4.743113e-02
7.917186e+02
6.206989e+00
9.930695e+02
1.588110e+00
2.672114e+01
1.425395e+04
1.094754e+03
3.332602e-03
1.484604e-02
3.759242e-04
3.502569e+01
1.771832e+00
1.669813e+01
2.463863e-01
6.593948e+03
4.429746e+00
1.595822e-01
9.558267e-03
6.359650e+02
1.243504e-02
6.607395e+03
2.687370e-02
1.333062e-02
5.118967e+01
4.330596e-02
7.431530e-02
3.131921e-03
5.231167e+03
3.197975e-01
7.838220e+00
5.745114e-04
5.274468e+02
5.868926e+01
3.933959e+02
3.221206e-01
1.986559e-01
3.701087e-03
1.829475e+03
7.782791e-02
5.519925e+01
3.009441e+01
3.153966e+03
1.483602e+03
6.477231e+02
8.995688e+02
1.356474e+03
3.058477e-03
2.964869e-01
1.616306e+01
2.048752e-01
1.500025e-01
2.777178e+01
2.631089e+01
1.653930e+01
2.899126e+00
3.290214e-01
4.100688e+00
4.196899e+00
3.045325e+01
1.781610e-02
7.895959e-02
1.052873e+00
1.187356e+00
1.502569e+01
1.684481e+01
1.960318e+00
3.014215e-01
1.104242e+00
1.589823e+01
2.131041e+00
4.580335e+00
1.475091e+00
1.400727e-01
9.529903e-02
9.478939e-01
9.380557e+00
1.006065e-01
1.828070e-01
5.724703e-01
2.763271e-01
7.129594e+00
5.383954e-01
1.416240e+01
3.175298e+00
1.907336e+00
9.971735e+00
4.686040e+01
