9.002229e+00
4.086275e+00
1.662201e-02
2.789903e+00
3.741560e+01
1.752721e-01
2.028662e+01
5.614808e+01
8.695170e-01
1.217974e-01
1.311554e-01
1.799725e-01
4.529287e-02
7.895495e-01
9.421041e-02
9.526582e-02
7.490626e+00
3.511109e-01
9.278924e+00
2.172783e+00
3.835520e+01
1.202070e+00
2.822314e-01
1.119089e+00
2.024837e-01
4.502688e-01
3.906483e-01
4.086404e+00
1.964010e+00
1.291333e-01
1.509453e+01
1.516527e+01
1.778523e-01
2.679229e+00
9.792661e+01
3.320558e-01
1.914633e-03
2.541343e+00
1.920697e-03
6.712918e-03
2.869529e-03
3.147970e-02
2.773990e-03
1.110929e-01
1.237914e-01
1.542056e+00
2.286493e-04
4.958428e-04
1.229842e-03
2.009964e-01
2.741295e-03
1.424846e+01
6.839268e-02
1.102074e-02
1.917886e+00
1.691257e+00
2.376326e-01
1.672853e-01
1.824935e-02
5.395060e-01
2.007970e-01
2.001798e-03
1.373971e-01
2.412597e+01
1.164298e-03
6.067064e-03
4.050883e-03
8.463565e-02
1.437373e-02
1.628751e-01
1.144575e+00
6.697591e-02
9.724734e-01
2.513104e-04
2.737754e+01
1.847055e+02
1.415925e+02
2.938733e-03
2.212798e-02
2.195461e+00
4.182662e+00
2.045691e+02
5.520863e+00
3.696510e-02
2.008049e-02
6.412979e-01
5.520964e+01
2.181711e+03
2.343303e+01
3.183911e+04
4.487835e+00
2.583572e+01
6.989207e+02
1.374991e+02
6.060494e+01
2.657490e-04
2.395925e+02
8.793701e+02
7.029911e+02
3.343155e+00
3.004592e+02
2.614962e+02
1.173571e+03
1.764411e+01
4.633635e+01
1.234802e+02
3.292983e+02
3.500843e+01
7.491789e+01
3.295514e+01
5.129802e+01
9.713020e+02
3.718558e-01
1.810794e-02
1.752771e+01
2.622398e+00
9.610782e-02
1.668052e+02
3.633709e+00
8.145157e-01
9.890531e-01
7.655107e+01
1.909373e+02
2.302655e+04
3.900032e-01
1.453647e-01
4.098386e+02
2.357063e+02
2.938221e+02
1.316670e+01
2.115267e+02
4.628824e+01
2.438654e+01
7.039704e-03
4.838993e+00
1.120462e+00
3.993074e+01
1.842807e+00
3.283681e+01
7.500330e+02
1.751204e+00
1.349944e-01
2.072522e-02
1.941149e+03
4.596267e+02
2.260305e-02
9.823813e-04
1.902752e-02
4.389374e-01
2.920831e+02
1.174715e-02
1.438678e-02
4.878969e+03
1.424753e+01
3.130460e+00
2.920885e-01
6.391703e+01
8.479869e+02
1.559843e+02
7.107148e-04
1.397731e+01
1.356438e+00
2.371646e-01
5.997435e+00
1.607936e+02
7.824193e+01
2.885617e+02
4.334149e+01
2.586064e+03
8.545059e+01
1.572110e-03
8.626275e+01
4.218996e+03
1.543817e+02
3.120142e-03
2.864822e+02
8.145515e-04
9.490087e+02
5.463284e-01
5.999438e+02
1.312722e-03
5.611576e-02
4.132426e+00
6.712571e-02
3.205716e-01
4.382075e+00
1.124187e-01
4.317525e+01
1.037020e+00
2.205254e-01
9.441567e-01
1.767659e-01
8.712964e-02
1.240185e-01
4.712586e+00
9.441729e-02
9.889513e-02
3.184842e-01
4.590057e+01
2.036489e+00
2.525102e-01
1.788243e+00
2.370747e+01
2.144161e+01
1.894978e+00
1.442280e+01
9.984941e-01
7.158008e-01
7.787873e-01
2.577418e+00
4.137462e+01
1.191605e+00
6.268124e-01
1.723531e-01
5.674459e+00
4.379345e-01
2.099424e-01
4.319592e+00
4.601365e+00
2.958408e+00
5.168915e+01
