6.804479e-01
1.924076e+00
2.391550e+00
1.960007e+00
3.261655e+00
2.472170e+01
1.939806e-01
3.139138e-02
8.127303e-02
1.538858e-01
1.591403e+01
1.237786e+01
5.222183e+00
1.612946e-01
1.608898e+01
1.388612e+00
4.462340e+00
2.767822e+01
1.407617e+00
4.857241e-02
3.353105e+00
4.703992e+00
5.217368e+00
1.250602e+00
1.097121e+00
5.956128e-01
4.313884e-01
1.490484e-01
7.475253e+00
4.915115e-01
2.283211e+01
1.606944e+00
1.016819e-03
9.481049e-04
5.696656e-03
1.171478e+01
3.457077e+01
9.895400e-03
1.657608e-02
1.530517e+00
5.826353e-02
1.891407e-02
4.163561e-01
9.004372e-02
7.532737e-02
2.431145e-03
1.093754e-02
1.291281e+00
8.127770e-03
6.642244e-03
7.761448e-04
2.261598e-02
2.229323e-03
1.688960e+00
9.607535e-04
2.211910e-01
6.553487e-02
2.844444e-01
9.334734e-03
1.669779e+01
3.912707e-01
7.459151e-02
1.967117e+00
4.786998e+00
2.118188e+00
1.533282e+00
6.541034e-02
9.700078e+00
1.343626e-03
2.209025e+01
2.460723e+00
1.355665e-03
8.651379e-02
2.914216e-01
1.681106e-03
2.769401e+03
6.773486e+02
1.421379e+00
6.041146e+01
2.088250e-01
1.939482e+03
5.931358e+02
2.334779e+03
7.278576e-02
1.743653e+04
4.528236e-01
2.998742e-04
1.720804e+03
2.569502e+03
5.360438e+02
5.225706e+00
2.652193e+04
8.146860e+00
3.127890e-03
1.842126e+02
5.449214e+01
6.237845e+02
9.370573e+01
5.313635e+02
2.305501e+01
1.961155e+02
3.842124e+00
9.114505e+00
6.340434e-01
1.330598e+02
2.012867e-01
1.406372e+01
1.093190e+02
1.685987e+03
7.775395e+02
2.012195e+01
9.380326e-01
1.368915e-01
3.511181e-03
4.982398e+01
1.427466e-03
4.923836e-03
4.783712e+00
4.242381e-02
1.661428e-02
4.638183e+00
1.712557e+03
6.269675e-03
2.291008e+04
3.497597e+01
2.096718e-01
3.960000e-02
1.748058e-01
2.228534e+01
1.774158e+00
5.013136e+01
2.360194e+01
4.009787e+00
1.189024e+02
8.743812e+02
9.200600e+02
2.150269e+00
8.879896e+02
1.891634e+03
5.418402e-01
1.623879e+01
1.675628e-03
2.696241e-02
1.703109e+00
1.018607e+00
4.900626e+02
9.424428e-01
2.033457e-03
8.809213e+01
2.964570e+00
7.827963e-01
5.080610e-04
4.762130e+01
4.486495e-01
8.035390e+00
1.385855e-04
7.118146e-02
8.980283e+02
5.358868e-04
9.427491e-02
2.809133e-02
9.266893e-04
2.515050e+00
1.100471e+02
1.741780e-02
1.427802e+03
7.148837e-02
4.266779e+02
3.064754e-02
7.133433e+01
1.433037e-01
1.131317e+02
3.491669e-03
3.356640e+01
5.928751e+00
4.828372e+03
4.274536e-03
1.568334e+02
1.019917e-03
2.392216e+01
9.407168e-03
8.769322e-04
1.231301e+01
2.509895e+01
1.896101e-01
2.454351e+00
2.324416e+01
1.391707e+01
6.835727e-01
9.488223e-01
9.254574e+00
5.793299e+01
2.948724e-02
1.198736e-01
3.084886e+01
2.670834e+00
3.583071e+00
2.479285e-02
3.301169e-02
1.161089e-01
9.067242e+00
3.893933e+01
1.052615e+01
3.694847e+00
3.213119e+00
2.968696e+01
1.144587e+01
2.347976e+01
9.160993e-01
2.346526e+00
2.289821e+01
4.053637e-01
5.904739e-01
1.027509e+01
4.185227e+00
3.123599e-02
3.047822e+01
2.317855e+01
9.870848e-01
1.545769e-01
3.350660e+02
