4.099177e-01
4.018489e+00
3.351408e+01
1.918649e+00
2.307435e+00
7.361170e-02
3.734801e+00
4.811698e-02
7.254357e-02
1.601028e-01
1.180246e+01
2.011554e+01
5.725490e+00
1.874773e-01
1.230462e+01
3.164033e+01
4.547789e+00
2.550118e+01
1.541237e+00
5.466081e-02
3.203920e+00
2.633616e+00
5.942927e+00
1.013594e+00
1.003804e-02
5.699057e-01
3.177487e-01
1.551841e-01
8.590747e+00
5.205242e-01
2.598393e+01
5.147245e+00
1.378752e-03
2.573079e-03
7.024741e-01
1.333015e+01
5.063739e+01
1.089496e-02
3.242298e-02
1.925282e+00
5.669313e-02
2.035078e-02
4.014045e-01
8.526504e-02
1.416800e-01
1.999008e-03
8.852490e-03
1.310848e+00
8.497377e-03
2.449174e-02
3.445965e-02
4.626601e-02
2.226152e-04
1.908259e+00
1.275549e+00
1.014490e-01
7.361894e-02
4.650351e-01
9.670490e-03
3.284305e+01
8.210055e+00
1.120685e-01
1.439722e+00
2.765170e+00
2.119009e+00
2.162082e+00
6.720208e-02
6.280204e-01
3.976295e-03
2.999347e+01
2.305769e+00
1.282436e-03
8.577917e-02
6.310481e-01
1.351440e-03
4.467776e+03
5.107625e+02
3.223051e+00
2.544258e+01
1.669973e+00
1.660199e+03
5.159674e+02
1.259888e+03
1.063567e-01
1.306623e+04
3.495489e-01
3.170912e-04
1.464454e+03
3.402604e+03
5.917483e+02
3.820001e+00
9.300774e+04
1.858653e+00
3.203764e-03
1.774815e+02
6.767448e+01
5.206575e+02
1.030522e+02
1.842332e+02
5.507724e+00
1.911508e+02
5.717629e+00
1.068612e+01
5.977860e-01
3.328557e+02
1.960555e-01
1.421918e+01
9.863140e+01
6.434266e+02
4.372393e+02
2.273348e+01
1.008811e+00
8.287947e-02
2.857289e-03
1.760531e+02
4.795611e-04
4.425883e-03
3.485059e+00
5.569963e-02
2.171517e-01
4.498665e+00
1.319434e+03
4.136731e-03
2.311220e+04
5.276004e+01
2.508794e-01
3.646810e-02
2.294070e-01
5.418349e+01
1.536821e+00
3.224909e+01
2.463361e+01
3.157008e+00
9.760339e+01
9.314189e+02
2.887918e+02
2.543190e+00
1.069143e+03
2.834778e+03
6.666560e-01
5.637638e+00
1.551567e-03
3.397679e-02
1.885672e+00
1.000453e+00
5.168494e+02
5.727992e+00
1.307006e-03
7.694286e+01
2.999097e+00
9.639218e-01
7.704690e-04
2.625556e+02
6.565580e-01
1.143449e+01
1.431338e-04
6.104071e-02
9.470463e+02
4.464855e-04
1.120394e-03
2.442142e-01
2.683078e-04
2.170389e+00
1.153130e+02
5.472106e-03
1.299791e+03
4.828420e-03
4.590037e+02
1.622327e-02
6.524148e+01
3.389824e-02
5.848071e+01
2.788885e-03
3.425177e+01
9.230585e+01
4.753664e+03
3.394426e-03
1.433443e+02
2.117413e-03
4.862659e+03
1.514100e-02
4.917215e-04
2.027432e+01
2.554961e+01
8.173093e-02
2.856024e+00
4.275497e+01
1.307291e+01
6.375364e-01
7.812582e-01
1.130012e+01
5.428699e+01
2.384204e-02
1.221225e-01
4.384802e+00
3.089976e+00
3.269959e+00
1.709573e-02
5.026519e+01
8.032895e-02
5.838407e+00
3.705832e+01
8.422929e+00
2.983813e+00
3.171188e+00
3.449850e+01
1.350035e+01
2.603346e+01
8.588852e-01
2.367906e+00
9.829093e+01
3.898291e-01
5.276217e-01
1.086160e+01
3.250004e+00
3.533261e-02
2.696452e+01
2.313358e+01
8.705491e-01
1.571477e-01
3.978204e+02
