1.504053e-01
2.794218e+00
1.026834e+01
1.919748e+00
3.193689e+00
2.714681e+00
9.926506e+01
5.299614e-02
8.343478e-02
1.587143e-01
3.902092e+01
8.300417e+00
5.995766e+00
2.108893e-01
1.172274e+01
2.036017e+01
4.602938e+00
2.535444e+01
1.534004e+00
5.174603e-02
1.613277e+01
1.338751e+01
6.739888e+00
9.643153e-01
1.228318e+00
6.598986e-01
3.280623e-01
1.479961e-01
8.540658e+00
5.371965e-01
3.859049e+01
1.965753e+00
7.319463e-04
1.096107e-03
2.269568e-01
5.776635e+00
5.098062e+01
1.016468e-02
4.124060e-02
1.836398e+00
5.206595e-02
7.604829e-01
3.963758e-01
7.321086e-02
1.438311e-01
2.523028e-03
9.615430e-03
1.410177e+00
8.156586e-03
8.034496e-02
1.681839e-04
5.968012e-02
2.238471e-03
1.950163e+00
1.038115e-03
1.239968e-01
7.313181e-02
4.200885e-01
1.445756e-02
4.222673e+01
3.759921e-01
1.083806e-01
2.507750e+00
4.079380e+00
1.983272e+00
2.053314e+00
7.689773e-02
6.902503e-01
4.552268e-03
7.290266e-02
2.524467e+00
4.223798e-03
8.111429e-02
6.031073e-01
1.682694e-03
2.621441e+03
5.271055e+02
2.409556e+00
2.157939e+01
1.321673e+00
1.544106e+03
5.553154e+02
1.281791e+03
7.904855e-02
1.218277e+04
4.079724e-04
3.076046e-04
1.001330e+03
3.202340e+03
5.835252e+02
5.794765e+00
8.082935e+04
1.182785e+00
8.079946e-03
1.824878e+02
4.343036e+01
6.434966e+02
1.325409e+02
4.822763e+02
3.573779e+00
1.923911e+02
4.460076e+00
8.968725e+00
6.404917e-01
1.268524e+02
1.887704e-01
1.472339e+01
1.091195e+02
1.543931e+03
3.717218e+02
2.354627e+01
8.939500e-01
8.496938e-02
5.701585e-03
2.347515e+01
6.566678e-04
4.511708e-03
3.543983e+00
4.414402e-02
3.264250e-01
5.568901e+00
1.159124e+03
2.430304e-03
1.870901e+04
6.376263e+01
1.091330e-01
3.351636e-02
3.751916e-01
5.672942e+01
1.771122e+00
4.925074e+01
2.366708e+01
3.303695e+00
1.648839e+02
9.072637e+02
9.054617e+02
2.687668e+00
1.038929e+03
2.380780e+03
6.008557e-01
4.624409e+00
1.640019e-03
3.750451e-02
1.854534e+00
1.007468e+00
4.940677e+02
1.799042e+00
1.671110e-03
7.036756e+01
2.806581e+00
8.128938e-01
6.568994e-04
2.060234e+02
6.128759e-01
8.769763e+00
1.211399e-04
8.121666e-02
9.541025e+02
5.195256e-02
2.981597e-04
1.081548e+00
6.923068e-04
2.590778e+00
1.079608e+02
1.234353e-02
1.376850e+03
1.048364e-01
4.363173e+02
1.544668e-02
5.464370e+01
3.800080e-02
1.100236e+02
3.698566e-03
3.461408e+01
5.861472e+00
4.590851e+03
3.495069e-03
1.547010e+02
1.269696e-03
2.277018e+01
3.918396e-02
1.211054e-03
1.167112e+01
2.284003e+01
8.335367e-02
2.546613e+00
2.606650e+01
1.568110e+01
6.389428e-01
5.854847e-01
1.385373e+01
6.157682e+01
2.525417e-02
1.188907e-01
1.219070e+01
2.897763e+00
3.310671e+00
2.004168e-02
2.148316e-02
1.186009e-01
5.698857e+00
3.899426e+01
4.676125e+00
2.892424e+00
5.800466e+00
5.050231e+01
1.102499e+01
4.534960e+01
8.648086e-01
2.106090e+00
2.227607e+01
4.246446e-01
5.495639e-01
1.259901e+01
3.310858e+00
1.592469e-01
3.045349e+01
2.583152e+01
7.944139e-01
3.687934e-01
3.003561e+02
