6.977325e-01
8.409357e-01
1.803928e+00
1.889276e+00
3.118982e+00
6.664848e+00
9.150115e-01
4.375220e-02
8.010719e-02
8.641801e-02
1.251530e+01
1.077770e+01
5.385845e+00
1.512162e-01
3.722480e+01
8.727145e-01
4.797920e+00
1.789222e+01
1.422994e+00
4.803883e-02
1.666443e+00
3.810840e+00
1.945033e+00
2.014017e+00
2.717014e+00
6.616624e-01
6.465560e-01
1.330671e-01
6.393663e+00
3.227361e-01
8.804486e+00
8.424208e-01
1.272979e-03
1.155150e-03
3.426339e-03
6.811036e+00
2.795053e+01
6.000530e-03
1.645482e-02
1.583967e+00
8.666414e-02
2.188310e-02
1.940154e-01
2.913896e-02
1.304009e-01
3.496940e-03
1.536913e-02
1.779860e+00
8.442120e-03
2.718413e-02
3.242620e-03
9.300820e-03
2.848366e-03
1.883896e+00
8.916793e-04
1.383689e+00
5.136233e-02
3.032762e-01
1.492768e-02
1.188441e+01
4.206140e-01
1.982435e-02
3.466993e+00
1.038051e+01
2.901173e+00
1.001264e+00
1.699190e-01
2.520018e+00
4.167727e-03
9.583679e+00
2.431793e+00
7.812841e-04
6.015773e-02
1.610375e-01
6.419055e-04
1.504028e+03
3.926800e+02
9.996226e-01
4.093985e-04
1.349934e-01
2.351184e+03
2.794146e+03
3.405045e+03
6.201298e-02
2.498060e+04
8.336095e-01
7.465296e-04
2.780967e+03
3.650081e+03
5.268154e+02
6.020631e+00
5.672429e+03
7.411810e+00
1.153728e-02
3.150825e+02
1.487873e+02
8.361756e+02
3.954254e+01
6.213191e+02
4.116622e+01
1.000535e+02
1.867650e+01
1.160597e+01
5.655063e-01
7.940222e+02
7.807181e-02
1.755329e+01
1.306170e+03
2.302631e+03
2.895839e+03
2.195112e+01
1.082352e+00
1.619157e-01
1.134259e-02
6.308895e+01
2.255329e-03
4.440898e-03
4.137467e+00
3.239676e-02
1.467062e-02
3.522436e+00
1.389264e+03
5.239737e-03
2.058048e+04
7.663027e+00
3.396533e-01
3.379920e-02
9.792876e-03
3.140844e+01
9.263516e-01
6.161667e+01
1.960442e+01
9.814151e+00
2.453845e+01
9.299212e+02
1.017972e+03
1.263813e+01
3.630411e+02
1.125021e+03
8.485069e-01
1.524338e+01
3.629908e-03
1.445025e-01
1.217525e+00
1.525516e+00
2.065189e+03
6.077805e-01
1.961764e-03
1.007518e+02
7.313047e+00
9.474340e-01
3.651808e-04
3.677303e+01
2.260856e-01
5.223089e+00
1.283403e-04
2.912808e-01
5.685871e+02
3.415975e-04
1.483543e-01
1.007346e-02
1.703383e-03
1.409928e+00
9.733026e+01
2.677295e-01
1.284986e+03
1.880136e-03
4.472314e+02
5.779130e-02
1.653917e+02
1.587173e-01
8.525934e+01
1.022468e-02
4.226136e+01
3.726606e+00
2.356867e+03
1.658956e-02
4.136553e+02
1.316858e+00
1.623113e+01
8.884782e-03
9.236860e-04
1.080116e+01
3.416873e+01
2.107436e-01
1.344118e+00
2.381083e+01
5.232368e+00
6.220595e-01
1.765076e+00
6.172642e-02
2.743060e+01
3.404244e-02
1.307672e-01
9.916587e+00
3.481185e+00
2.862862e+00
3.507933e-02
2.119508e-02
1.718555e-01
1.060734e+01
2.886302e+01
9.322060e+00
2.750924e+00
4.240303e+00
3.195687e+01
1.226730e+01
6.055666e+01
2.475670e+00
1.908049e+00
1.274579e+01
6.718175e-01
1.083282e+00
7.229516e+00
3.955175e+00
7.267907e-02
3.575595e+01
2.523777e+01
6.147192e-01
1.380037e-01
3.901194e+02
