7.937661e-01
1.731252e+00
1.797964e+00
1.967323e+00
3.487049e+00
4.011601e+01
1.878124e-01
3.290801e-02
6.979172e-02
2.272068e-01
1.414591e+01
1.037180e+01
5.592560e+00
1.431282e-01
3.187600e+01
1.264233e+00
5.074762e+00
3.089892e+01
2.111381e+00
3.578582e-02
2.469250e+00
4.355183e+00
5.688994e+00
2.386536e+00
1.347539e+00
6.249910e-01
5.186186e-01
1.310436e-01
7.375159e+00
4.151615e-01
1.422247e+01
1.923179e+00
1.299199e-03
1.508608e-03
7.186683e-03
8.803577e+00
1.920752e+01
7.683524e-03
1.831982e-02
1.588437e+00
6.144752e-02
3.065175e-02
4.649829e-01
1.198689e-01
4.823942e-02
1.397503e-03
1.004534e-02
1.606722e+00
7.588689e-03
7.052841e-03
6.233698e-04
4.220841e-03
2.852161e-03
2.359742e+00
1.008320e-03
1.789739e-01
6.804976e-02
2.988157e-01
1.402905e-02
5.539083e+00
4.031963e-01
1.949232e-02
2.003826e+00
5.953803e+00
2.402995e+00
1.040007e+00
5.396643e-02
2.650199e+00
2.699341e-03
1.137153e+01
2.533198e+00
1.108698e-03
7.871893e-02
1.876704e-01
5.349155e-04
1.506106e+03
5.038745e+02
9.858738e-01
8.451856e-04
2.153379e-01
2.201767e+03
4.027899e+03
2.603988e+03
2.495820e-02
3.412345e+04
7.465491e-01
3.740087e-04
2.537044e+03
2.545769e+03
5.516684e+02
4.373636e+00
4.598187e+04
8.929016e+00
2.526285e-03
1.387223e+02
7.485233e+01
6.676677e+02
4.641270e+01
6.240216e+02
3.556287e+01
1.829317e+02
1.664682e+01
9.020974e+00
8.104827e-01
1.430157e+02
1.686333e-01
1.276361e+01
1.089102e+02
2.029234e+03
1.546360e+03
1.796256e+01
9.184490e-01
1.163603e-01
8.376491e-03
4.700902e+01
1.834115e-03
4.479139e-03
4.742004e+00
5.197732e-02
1.420968e-02
2.272615e+00
1.152933e+03
6.789128e-03
3.877039e+04
2.805475e+01
3.246353e-01
4.120776e-02
1.258342e-01
2.452485e+01
8.860395e-01
6.546871e+01
2.767073e+01
5.359560e+00
1.056684e+02
9.597233e+02
8.723829e+02
5.818861e+00
3.362903e+02
1.919897e+03
9.056812e-01
1.998430e+01
1.714932e-03
7.576323e-02
1.354830e+00
1.773862e+00
6.259855e+02
9.597709e-01
1.936885e-03
7.997443e+01
4.143081e+00
9.657833e-01
3.969482e-04
5.290997e+01
3.520300e-01
8.310951e+00
1.527415e-04
4.575516e-01
3.117897e+02
3.536538e-04
1.278562e-01
1.209591e-02
1.686818e-03
2.410535e+00
1.168405e+02
1.251367e-02
1.300617e+03
2.001969e-03
4.392195e+02
2.530289e-02
8.507451e+01
1.608805e-01
7.247556e+01
6.295256e-03
3.244627e+01
1.233760e+00
5.346877e+03
5.053945e-03
1.739621e+02
2.990409e-04
1.626039e+01
8.446010e-03
7.551435e-04
1.297474e+01
1.542060e+01
1.835084e-01
1.934743e+00
2.349913e+01
6.746026e+00
6.649881e-01
1.156743e+00
3.945990e-02
4.530398e+01
3.644412e-02
1.351066e-01
1.233322e+01
2.818729e+00
2.569096e+00
3.345782e-02
3.368984e-02
1.094009e-01
1.013670e+01
3.148547e+01
1.174398e+01
4.245150e+00
3.431445e+00
2.328785e+01
1.232232e+01
2.280103e+01
1.340937e+00
1.656932e+00
1.975516e+01
4.597236e-01
8.786498e-01
8.311993e+00
3.533665e+00
2.963600e-02
3.211218e+01
2.633163e+01
9.497886e-01
1.454977e-01
3.466486e+02
