4.496691e-01
4.320612e+00
3.452870e+01
1.943272e+00
2.176361e+00
7.639640e-02
9.994796e-02
5.142515e-02
6.979784e-02
1.452967e-01
1.186162e+01
2.230671e+01
5.941893e+00
1.930839e-01
1.193446e+01
9.926085e+01
4.739646e+00
2.460179e+01
1.504627e+00
5.458530e-02
3.416483e+00
4.179546e+00
5.968688e+00
1.003898e+00
1.000013e-02
5.541301e-01
4.040626e-01
1.554246e-01
8.544480e+00
5.260753e-01
3.100186e+01
5.052742e+00
8.123844e-04
2.587375e-03
7.510344e-01
1.100676e+01
4.142319e+01
1.121461e-02
3.164512e-02
1.985094e+00
5.713341e-02
2.016225e-02
4.059901e-01
8.585694e-02
1.417696e-01
2.516598e-03
8.536536e-03
1.183593e+00
8.386005e-03
6.922462e-03
3.338988e-02
5.148045e-02
3.634287e-04
1.941355e+00
6.701140e-01
8.025108e-02
7.846318e-02
2.154930e-01
8.857610e-03
3.402303e+01
9.409946e+00
1.063223e-01
1.777922e+00
4.621923e+00
2.009293e+00
2.141314e+00
6.934174e-02
6.253401e-01
4.042916e-03
2.684376e+01
2.311595e+00
1.095115e-03
7.784725e-02
8.174398e-01
1.039534e-03
4.339417e+03
4.690396e+02
3.036346e+00
2.295156e+01
1.725726e+00
1.485362e+03
4.977293e+02
1.154986e+03
1.152334e-01
2.152509e+04
4.311700e-01
2.772289e-04
1.386667e+03
3.190001e+03
5.940613e+02
3.801878e+00
9.470110e+04
1.032058e+00
3.203837e-03
1.785292e+02
7.315078e+01
5.148474e+02
1.054387e+02
1.832384e+02
5.806144e+00
1.930564e+02
4.850315e+00
1.027385e+01
5.959671e-01
3.441494e+02
1.993484e-01
1.553108e+01
1.104673e+02
1.240052e+03
3.947878e+02
2.265638e+01
8.214526e-01
8.067068e-02
2.662709e-03
1.868431e+02
4.856823e-04
4.448146e-03
3.414468e+00
4.809226e-02
1.981744e-01
4.417648e+00
1.714716e+03
5.214224e-03
2.362713e+04
5.100166e+01
2.230427e-01
4.017576e-02
2.218661e-01
5.533586e+01
1.555022e+00
4.942024e+01
2.419898e+01
3.355434e+00
9.729078e+01
9.463042e+02
3.062130e+02
2.573687e+00
1.050961e+03
2.172622e+03
6.245445e-01
5.138268e+00
1.525325e-03
3.372009e-02
1.907395e+00
1.037662e+00
5.342345e+02
5.339918e+00
1.405087e-03
5.662016e+01
2.835607e+00
9.801520e-01
7.504610e-04
2.575780e+02
4.627304e-01
1.168494e+01
1.347725e-04
6.698828e-02
9.693234e+02
4.963083e-04
1.306608e-03
2.616943e-01
1.725848e-04
1.715399e+00
1.160614e+02
6.953529e-03
1.351212e+03
3.979980e-02
4.380406e+02
1.647712e-02
6.319395e+01
9.510717e-02
1.137285e+02
2.955800e-03
3.376015e+01
6.480229e+00
4.209196e+03
3.613061e-03
7.272088e+01
2.168071e-03
4.418838e+03
1.645798e-02
8.162862e-04
2.128155e+01
2.546101e+01
8.125213e-02
2.931880e+00
4.911820e+01
1.321464e+01
6.213536e-01
1.017410e+00
1.176731e+01
6.055675e+01
2.444889e-02
1.189694e-01
4.384658e+00
2.916130e+00
3.232650e+00
1.998577e-02
5.316809e+01
7.297675e-02
5.834916e+00
3.691021e+01
8.875417e+00
2.944962e+00
3.236312e+00
3.529120e+01
1.967218e+01
2.687420e+01
8.481124e-01
2.202558e+00
9.775640e+01
3.717061e-01
5.941443e-01
1.051716e+01
3.160360e+00
2.936451e-02
2.834937e+01
2.287221e+01
8.653924e-01
3.175837e-01
4.120922e+02
