4.497215e-01
4.317388e+00
3.443093e+01
1.934706e+00
2.168534e+00
7.657352e-02
9.976482e-02
5.135745e-02
6.977742e-02
1.456698e-01
1.197037e+01
2.232454e+01
5.941621e+00
1.947385e-01
1.193684e+01
9.854592e+01
4.717520e+00
2.460572e+01
1.505857e+00
5.452928e-02
3.414334e+00
4.188137e+00
5.963807e+00
1.000311e+00
1.000453e-02
5.537348e-01
4.040911e-01
1.553680e-01
8.399480e+00
5.262017e-01
3.083537e+01
5.122946e+00
8.089382e-04
2.591516e-03
7.499903e-01
1.096751e+01
4.180206e+01
1.122924e-02
3.193418e-02
1.967319e+00
5.718134e-02
2.017103e-02
4.084573e-01
8.595330e-02
1.424221e-01
2.516697e-03
8.512547e-03
1.182882e+00
8.297879e-03
6.914383e-03
3.309187e-02
5.159241e-02
3.622474e-04
1.942714e+00
6.656509e-01
7.414449e-02
7.848268e-02
2.150716e-01
8.854166e-03
3.358155e+01
8.703311e+00
1.063453e-01
1.804692e+00
4.638703e+00
2.015059e+00
2.142384e+00
6.820163e-02
6.254977e-01
4.028048e-03
2.668658e+01
2.314078e+00
1.094639e-03
7.782782e-02
8.175366e-01
1.039902e-03
4.338384e+03
4.694597e+02
3.035039e+00
2.274343e+01
1.714482e+00
1.484073e+03
5.015646e+02
1.153908e+03
1.150765e-01
2.127497e+04
4.314962e-01
2.766118e-04
1.388025e+03
3.193066e+03
5.943649e+02
3.801681e+00
9.244323e+04
1.046894e+00
3.206967e-03
1.783925e+02
7.320366e+01
5.149801e+02
1.053509e+02
1.832288e+02
5.793625e+00
1.947274e+02
4.854618e+00
1.027614e+01
5.965779e-01
3.440248e+02
2.010737e-01
1.554874e+01
1.108298e+02
1.238825e+03
3.933497e+02
2.266498e+01
8.271848e-01
8.055112e-02
2.665976e-03
1.877718e+02
4.865557e-04
4.342063e-03
3.414942e+00
4.788527e-02
1.981829e-01
4.413526e+00
1.723195e+03
5.197243e-03
2.383966e+04
5.099439e+01
2.231217e-01
4.013065e-02
2.229079e-01
5.520047e+01
1.555907e+00
5.098971e+01
2.420468e+01
3.370595e+00
9.816764e+01
9.498445e+02
3.078668e+02
2.571760e+00
1.056964e+03
2.174953e+03
6.248454e-01
5.126821e+00
1.522506e-03
3.377175e-02
1.903354e+00
1.039158e+00
5.341354e+02
5.320585e+00
1.147006e-03
5.657428e+01
2.843345e+00
9.781362e-01
7.078562e-04
2.549336e+02
4.630522e-01
1.169523e+01
1.367537e-04
6.704120e-02
9.702430e+02
4.937823e-04
1.304565e-03
2.652778e-01
1.791072e-04
1.716272e+00
1.159185e+02
7.691232e-03
1.356489e+03
3.978857e-02
4.403268e+02
1.646119e-02
6.316484e+01
9.470352e-02
1.137581e+02
2.957142e-03
3.376255e+01
6.476686e+00
4.217345e+03
3.622385e-03
7.275416e+01
2.180034e-03
4.359750e+03
1.814125e-02
8.167529e-04
2.131850e+01
2.548794e+01
8.127961e-02
2.928708e+00
4.913392e+01
1.321549e+01
6.213799e-01
1.018861e+00
1.349692e+01
6.089009e+01
2.435941e-02
1.189097e-01
4.379130e+00
2.905376e+00
3.231939e+00
1.998328e-02
5.287762e+01
7.350115e-02
5.826478e+00
3.696456e+01
8.881672e+00
2.942473e+00
3.230570e+00
3.527765e+01
1.976011e+01
2.682862e+01
8.487346e-01
2.202766e+00
9.830712e+01
3.716922e-01
5.940362e-01
1.045146e+01
3.156687e+00
2.932100e-02
2.832387e+01
2.279922e+01
8.535277e-01
3.170438e-01
4.121376e+02
