5.440549e-01
4.328512e+00
3.421939e+01
1.941248e+00
2.190879e+00
7.958199e-02
9.834538e-02
5.098480e-02
6.990107e-02
1.452577e-01
1.183224e+01
2.076509e+01
5.951205e+00
1.907594e-01
1.185807e+01
5.611605e+01
4.737346e+00
2.448331e+01
1.505850e+00
5.495585e-02
3.434682e+00
4.367028e+00
5.975757e+00
9.973700e-01
1.343057e-02
5.591419e-01
3.570029e-01
1.525511e-01
8.561367e+00
5.278896e-01
3.086139e+01
5.074331e+00
7.999541e-04
2.656470e-03
6.772609e-01
1.452122e+01
4.335050e+01
1.119639e-02
3.156547e-02
1.987532e+00
5.691140e-02
2.090458e-02
4.069943e-01
8.615632e-02
1.424076e-01
2.318045e-03
8.504237e-03
1.322148e+00
8.377524e-03
6.915164e-03
3.782007e-02
4.605378e-02
3.123926e-04
1.914536e+00
5.840323e-01
8.755341e-02
7.379137e-02
2.893853e-01
9.115725e-03
3.422105e+01
9.220497e+00
1.083523e-01
1.733629e+00
4.626500e+00
2.088853e+00
2.158777e+00
6.702156e-02
6.352397e-01
3.851386e-03
3.082181e+01
2.318337e+00
1.186079e-03
8.619187e-02
6.053065e-01
1.037855e-03
4.248392e+03
4.659530e+02
3.192324e+00
2.355987e+01
1.733655e+00
1.578664e+03
5.122330e+02
1.219000e+03
1.153427e-01
2.313341e+04
4.428548e-01
3.103549e-04
1.383402e+03
3.388367e+03
6.039115e+02
3.783262e+00
9.347306e+04
1.015947e+00
3.235871e-03
1.781711e+02
7.132794e+01
5.290883e+02
1.041921e+02
1.879264e+02
5.694278e+00
1.951909e+02
4.836866e+00
1.038518e+01
5.956485e-01
3.388809e+02
1.984098e-01
1.426336e+01
9.996989e+01
1.493216e+03
3.944961e+02
2.236898e+01
8.382583e-01
8.195637e-02
2.920073e-03
1.871928e+02
4.749704e-04
4.445370e-03
3.401788e+00
4.853390e-02
2.040333e-01
4.500586e+00
1.659003e+03
4.957881e-03
2.371111e+04
4.831897e+01
2.296573e-01
3.582976e-02
2.220397e-01
5.581552e+01
1.579111e+00
4.926612e+01
2.431983e+01
3.352066e+00
9.743936e+01
9.445433e+02
3.040016e+02
2.559078e+00
1.025794e+03
2.180670e+03
6.184945e-01
5.242909e+00
1.603327e-03
3.366243e-02
1.908656e+00
1.009367e+00
5.336706e+02
5.682628e+00
1.406052e-03
7.338918e+01
2.839697e+00
9.832554e-01
7.712744e-04
2.587466e+02
4.514173e-01
1.132573e+01
1.352499e-04
6.646891e-02
9.281935e+02
4.983767e-04
1.310571e-03
2.415950e-01
1.177873e-04
1.722568e+00
1.155364e+02
7.215233e-03
1.341478e+03
9.691166e-02
4.350283e+02
1.679417e-02
6.041925e+01
9.809402e-02
1.115952e+02
2.999042e-03
3.405526e+01
6.384868e+00
4.775217e+03
3.501639e-03
6.280395e+01
2.299805e-03
4.482017e+03
1.625774e-02
8.216203e-04
1.925874e+01
2.574939e+01
8.135618e-02
2.874130e+00
4.865234e+01
1.325450e+01
6.267869e-01
7.863864e-01
1.169620e+01
6.379633e+01
2.412410e-02
1.181949e-01
4.383575e+00
2.889873e+00
3.241170e+00
2.004791e-02
1.536357e+01
7.402162e-02
5.815263e+00
3.679489e+01
8.679248e+00
2.944157e+00
3.236740e+00
3.442583e+01
2.053576e+01
2.665035e+01
8.616133e-01
2.186382e+00
9.791086e+01
3.790044e-01
5.268125e-01
1.096114e+01
3.229836e+00
2.970583e-02
2.750581e+01
2.281979e+01
8.810920e-01
3.205733e-01
4.026151e+02
