5.645192e-01
4.368625e+00
3.309386e+01
1.935395e+00
2.159081e+00
7.614513e-02
9.611323e-02
4.798191e-02
7.264585e-02
1.456898e-01
1.174426e+01
2.070359e+01
5.949303e+00
1.830814e-01
1.225701e+01
3.164763e+01
4.737394e+00
2.461644e+01
1.507488e+00
5.377211e-02
3.473493e+00
4.367604e+00
5.974884e+00
9.960830e-01
1.818962e-02
5.597013e-01
3.571997e-01
1.529841e-01
8.582893e+00
5.275505e-01
3.091094e+01
4.976103e+00
8.017246e-04
2.576587e-03
6.799058e-01
1.441610e+01
3.838538e+01
1.119649e-02
3.091019e-02
1.968266e+00
5.700943e-02
2.105390e-02
4.067139e-01
8.316758e-02
1.417157e-01
2.019011e-03
8.856961e-03
1.316048e+00
8.412511e-03
6.859968e-03
3.921472e-02
4.589815e-02
3.348811e-04
1.895351e+00
6.309009e-01
1.027439e-01
7.396555e-02
4.650334e-01
9.075777e-03
3.414975e+01
9.781595e+00
1.079946e-01
1.739767e+00
4.619751e+00
2.092876e+00
2.162192e+00
6.706514e-02
6.280835e-01
3.789393e-03
3.063577e+01
2.326748e+00
1.285428e-03
8.854465e-02
6.058188e-01
1.538664e-03
4.254782e+03
5.080009e+02
3.174474e+00
2.317173e+01
1.750587e+00
1.577457e+03
5.104175e+02
1.219648e+03
1.078144e-01
1.351382e+04
4.633945e-01
3.116611e-04
1.461092e+03
3.364256e+03
6.050134e+02
3.796757e+00
9.317854e+04
1.031305e+00
3.196401e-03
1.778155e+02
6.860240e+01
5.237141e+02
1.037825e+02
1.883562e+02
5.833668e+00
1.948458e+02
4.843314e+00
1.049509e+01
5.935614e-01
3.369273e+02
1.971278e-01
1.426345e+01
9.942733e+01
1.490137e+03
4.460324e+02
2.253446e+01
9.200538e-01
8.306197e-02
2.927911e-03
1.899348e+02
4.766480e-04
4.420761e-03
3.497953e+00
5.057944e-02
2.053610e-01
4.356981e+00
1.657058e+03
5.351645e-03
2.381503e+04
4.776587e+01
2.627886e-01
3.545226e-02
2.189071e-01
5.578125e+01
1.567112e+00
4.921682e+01
2.494198e+01
3.333663e+00
9.380547e+01
9.337467e+02
3.047044e+02
2.558874e+00
1.021847e+03
2.182714e+03
6.437823e-01
5.155860e+00
1.594185e-03
3.378311e-02
1.920823e+00
1.004521e+00
5.423284e+02
5.736952e+00
1.411788e-03
7.620874e+01
2.843444e+00
9.839245e-01
7.769029e-04
2.645379e+02
4.586768e-01
1.132663e+01
1.291232e-04
6.665451e-02
9.243736e+02
4.441039e-04
1.178306e-03
2.389374e-01
1.129961e-04
1.730156e+00
1.143404e+02
7.186042e-03
1.342194e+03
9.681584e-02
4.383556e+02
1.676576e-02
6.058368e+01
9.834532e-02
1.115101e+02
2.854371e-03
3.411972e+01
6.334272e+00
4.787144e+03
3.404049e-03
1.436876e+02
2.269874e-03
4.643219e+03
1.510443e-02
8.219838e-04
1.945948e+01
2.577397e+01
8.234176e-02
2.874768e+00
4.360970e+01
1.320681e+01
6.229675e-01
7.746728e-01
1.140752e+01
6.511303e+01
2.399609e-02
1.183257e-01
4.431877e+00
2.892097e+00
3.259201e+00
1.664933e-02
1.312669e+01
7.397308e-02
5.865277e+00
3.690771e+01
8.545932e+00
2.936896e+00
3.210101e+00
3.456024e+01
1.353117e+01
2.664907e+01
8.620002e-01
2.183306e+00
9.840283e+01
3.897961e-01
5.324902e-01
1.093352e+01
3.231084e+00
2.996957e-02
2.752240e+01
2.243379e+01
8.679595e-01
3.144387e-01
3.970586e+02
