7.041434e-01
1.715093e+00
2.138078e+00
1.946989e+00
3.311077e+00
4.916130e+01
1.925833e-01
3.908926e-02
8.124119e-02
1.637339e-01
1.861389e+01
1.214952e+01
5.266960e+00
1.501739e-01
1.618856e+01
1.396055e+00
4.704095e+00
2.847936e+01
1.358985e+00
4.728015e-02
3.385295e+00
4.423365e+00
5.248007e+00
1.263023e+00
1.582681e+00
5.947192e-01
4.307575e-01
1.516968e-01
7.443856e+00
4.865894e-01
2.415993e+01
1.566581e+00
1.019407e-03
1.192148e-03
5.758316e-03
1.053420e+01
3.270479e+01
9.738062e-03
1.644814e-02
1.508900e+00
5.795081e-02
1.850050e-02
4.202227e-01
9.906149e-02
5.673277e-02
3.486650e-03
1.110530e-02
2.186961e+00
1.162191e-02
7.077644e-03
8.392580e-04
2.301833e-02
2.574071e-03
1.700450e+00
1.394277e-03
2.422050e-01
6.978935e-02
2.695047e-01
9.591690e-03
1.531165e+01
4.379898e-01
7.695691e-02
1.967440e+00
5.348825e+00
2.076269e+00
1.927574e+00
6.615805e-02
9.656221e+00
1.809987e-03
1.646479e+01
2.885237e+00
1.395029e-03
8.466920e-02
3.294055e-01
1.267426e-03
3.250537e+03
7.088372e+02
1.468376e+00
5.430053e+01
1.867552e-01
1.837358e+03
6.431839e+02
2.389951e+03
6.002543e-02
2.011297e+04
4.277015e-01
2.725129e-04
1.671856e+03
2.573486e+03
5.306310e+02
5.300450e+00
3.049037e+04
8.000809e+00
2.375801e-03
1.958196e+02
5.478454e+01
6.427949e+02
8.227104e+01
5.362346e+02
2.934097e+01
1.906124e+02
3.513377e+00
8.935828e+00
6.850772e-01
1.333000e+02
1.955028e-01
1.413846e+01
1.127318e+02
1.656454e+03
7.611303e+02
2.022487e+01
9.324511e-01
1.326081e-01
5.483275e-03
4.879986e+01
1.473263e-03
4.907495e-03
5.406926e+00
5.718211e-02
1.643079e-02
4.539835e+00
1.672414e+03
6.512921e-03
2.327793e+04
3.137135e+01
2.041231e-01
3.851793e-02
1.710320e-01
2.499798e+01
1.824972e+00
5.277260e+01
2.299612e+01
3.893531e+00
1.178838e+02
8.814311e+02
9.193846e+02
2.220684e+00
5.458044e+02
1.934597e+03
5.118909e-01
1.558100e+01
1.702543e-03
2.385216e-02
1.353427e+00
1.000128e+00
4.660554e+02
9.364693e-01
1.973658e-03
8.565517e+01
3.111281e+00
8.101842e-01
4.661485e-04
1.234056e+02
4.427866e-01
8.228744e+00
1.069315e-04
2.409881e-01
8.646579e+02
6.467294e-04
1.253636e-01
2.445957e-02
9.744101e-04
2.656001e+00
1.060546e+02
1.563988e-02
1.359610e+03
7.023090e-02
4.678887e+02
2.737137e-02
6.992401e+01
1.447358e-01
1.000251e+02
2.431680e-03
3.394202e+01
2.255529e+00
4.748801e+03
4.672622e-03
1.540326e+02
1.228045e-03
2.454996e+01
9.673666e-03
8.888967e-04
1.235126e+01
2.492826e+01
1.832843e-01
2.243165e+00
2.258524e+01
8.729542e+00
6.712965e-01
1.067451e+00
9.137198e+00
5.720522e+01
2.954185e-02
1.369033e-01
2.955882e+01
2.698725e+00
3.531405e+00
2.573151e-02
2.907736e-02
1.124136e-01
9.527352e+00
3.942002e+01
1.021153e+01
3.788874e+00
3.388207e+00
2.760513e+01
1.193937e+01
2.240645e+01
9.188413e-01
2.197697e+00
2.240673e+01
4.178181e-01
5.993585e-01
1.033521e+01
4.224280e+00
2.994891e-02
3.631407e+01
2.366745e+01
9.150438e-01
1.625756e-01
3.379676e+02
