6.954471e-01
1.677020e+00
2.026292e+00
1.942828e+00
3.316664e+00
4.759663e+01
2.012123e-01
3.885633e-02
7.470662e-02
1.558060e-01
1.760072e+01
1.183597e+01
5.195964e+00
1.549199e-01
1.725697e+01
1.376189e+00
4.721838e+00
2.881333e+01
1.351989e+00
4.713943e-02
3.386812e+00
4.429046e+00
5.258054e+00
1.257467e+00
1.590633e+00
7.181029e-01
4.344710e-01
1.537097e-01
6.604821e+00
4.589714e-01
2.441897e+01
1.513788e+00
1.039864e-03
1.161280e-03
5.484940e-03
9.856597e+00
1.755075e+01
9.426134e-03
1.594322e-02
1.549517e+00
5.905275e-02
1.830524e-02
4.307533e-01
9.726087e-02
5.554141e-02
3.556720e-03
1.071747e-02
2.050718e+00
1.080744e-02
7.179990e-03
8.395986e-04
2.301389e-02
2.604198e-03
1.709710e+00
1.633048e-03
2.530984e-01
6.600484e-02
2.600021e-01
9.069021e-03
1.525906e+01
4.332723e-01
7.620720e-02
1.974079e+00
5.317089e+00
2.247264e+00
1.797831e+00
6.705004e-02
1.044273e+01
1.885598e-03
1.550454e+01
2.954805e+00
1.402365e-03
7.796722e-02
3.292200e-01
1.278856e-03
4.010379e+03
7.533081e+02
1.444663e+00
4.717548e+01
2.059894e-01
1.799434e+03
6.327339e+02
2.386508e+03
5.835530e-02
4.759791e+04
5.242700e-01
2.817060e-04
1.636350e+03
2.576999e+03
4.937689e+02
5.230663e+00
2.886140e+04
7.903489e+00
2.386474e-03
1.925538e+02
5.560285e+01
6.436357e+02
8.289759e+01
5.399405e+02
2.949082e+01
1.862143e+02
3.819189e+00
8.725639e+00
6.746265e-01
1.318966e+02
1.938320e-01
1.399858e+01
1.115964e+02
1.895224e+03
8.243555e+02
2.040474e+01
9.236946e-01
1.339445e-01
7.022003e-03
4.962622e+01
1.529556e-03
4.773921e-03
5.577536e+00
5.610083e-02
1.617971e-02
4.032234e+00
1.526467e+03
6.537436e-03
2.349525e+04
3.417035e+01
3.485472e-01
4.043025e-02
1.647405e-01
2.597206e+01
1.798953e+00
5.250342e+01
2.513457e+01
3.935340e+00
1.126595e+02
8.619953e+02
9.205028e+02
3.806830e+00
5.536995e+02
1.895475e+03
6.113170e-01
1.533501e+01
1.712958e-03
2.449212e-02
1.365999e+00
1.033806e+00
4.708052e+02
9.700188e-01
1.959214e-03
8.980708e+01
4.774796e+00
8.247367e-01
4.744958e-04
1.220652e+02
5.146578e-01
8.025316e+00
1.262210e-04
2.706262e-01
8.848296e+02
6.551454e-04
1.269509e-01
2.335072e-02
9.841817e-04
2.595650e+00
1.066337e+02
1.813190e-02
1.387819e+03
7.038384e-02
4.547777e+02
2.656303e-02
8.484691e+01
1.717582e-01
9.565166e+01
2.667973e-03
3.407861e+01
2.112022e+00
6.038329e+03
4.804187e-03
1.592161e+02
1.331820e-03
2.434121e+01
9.476620e-03
9.324595e-04
1.249200e+01
2.453322e+01
1.825049e-01
2.181760e+00
2.231454e+01
8.539055e+00
6.970273e-01
1.053702e+00
9.952544e+00
5.813099e+01
3.013405e-02
1.183633e-01
2.888833e+01
2.695155e+00
3.483005e+00
2.658396e-02
2.950327e-02
1.137172e-01
9.538813e+00
3.679298e+01
1.011759e+01
3.776473e+00
3.457249e+00
2.696616e+01
1.190984e+01
2.274478e+01
1.044941e+00
2.165472e+00
2.184058e+01
4.204413e-01
5.964530e-01
1.008757e+01
4.094849e+00
2.637092e-02
3.642620e+01
2.327158e+01
9.200930e-01
1.376099e-01
3.182862e+02
