1.777170e-01
1.146447e-01
1.888599e+00
8.335439e+01
4.781470e+01
5.880304e+01
2.720787e-01
2.869592e-02
9.170102e-02
1.326204e-02
1.807722e+01
6.047536e+01
2.222366e-02
1.657602e-01
7.968770e+01
3.126068e+01
8.853042e-01
7.150981e+00
9.190311e+00
9.885679e+01
1.178357e+00
7.005128e+00
8.556408e-01
5.204978e-02
8.206045e-01
4.950112e-01
6.691198e+01
1.423185e-01
9.067338e+01
3.689641e+00
1.861889e+01
2.567281e+01
6.520705e-04
8.511055e-02
1.923872e-04
3.933444e+00
6.029077e+01
1.630768e-04
1.890395e-02
4.089939e+00
8.042701e+01
6.576682e-02
5.512376e-01
2.207900e-02
1.455920e-01
1.206828e-01
1.550015e-01
9.640927e-02
1.667852e-04
7.566635e-03
4.677437e-04
1.197553e-03
7.444137e-04
8.859467e-02
7.802490e-04
3.544602e+01
1.624995e+00
3.228644e-03
1.931079e-04
1.468212e+01
7.005544e-01
9.853782e+01
8.960422e+00
5.066187e+00
7.477895e+00
9.583569e-03
1.758094e-04
9.519901e+00
4.505413e-03
6.870006e+00
9.065619e+01
3.157897e-02
8.705208e-02
4.886613e-01
3.629333e-02
1.586403e+01
1.416266e+01
4.581887e+01
9.958260e+02
1.174981e-01
6.738285e+02
1.065168e+04
5.484683e+00
1.438983e-02
2.513970e+04
3.564941e-02
1.617459e-02
5.695804e+02
3.914469e+03
7.677990e+03
4.208572e+00
2.086927e+04
3.510781e+01
7.094172e-03
5.481899e+02
2.948268e+01
2.100960e+01
4.799918e+01
4.701425e+02
5.761250e+01
8.272036e+01
3.864158e+00
3.383342e+02
2.535863e+00
6.868751e+02
1.249678e-02
3.541354e+01
1.249132e+03
4.385237e+02
5.907738e+03
1.179416e+01
3.107673e-03
1.131470e-01
1.936314e+01
1.884803e+02
6.174980e-03
2.018951e-04
3.842164e+00
1.241458e-04
3.815709e-04
1.105033e-02
4.120252e-01
1.199080e-02
1.842407e+01
9.807764e+01
2.680598e+04
1.422395e-01
1.182797e-04
1.376764e+00
7.573547e+04
1.585697e+02
2.293294e+04
2.363734e+00
1.526117e-04
7.113168e+02
6.237125e+02
3.864841e+00
1.450152e+02
1.021909e+03
1.926422e+00
7.185722e+03
6.111578e-04
9.336875e-01
6.432112e-01
2.190502e+00
3.336979e+02
6.770698e-01
3.002183e-02
2.758525e+02
6.714846e+00
1.648169e-01
4.345457e-01
1.055949e+01
1.248475e+01
1.755442e+01
1.501820e-04
1.786027e-04
1.915004e+02
1.191974e-03
1.880011e-01
1.568863e-02
1.540833e-03
8.917355e-04
1.205572e+02
1.049007e-04
6.206195e+02
4.212595e-03
2.922905e+02
1.007861e-02
6.710180e+01
5.073436e-02
1.279208e+01
2.391832e-03
8.472943e+03
1.461762e+02
9.270757e+02
4.781747e-04
2.463672e+01
3.647662e-03
1.868709e+01
1.393233e-02
5.337091e-04
3.047493e+00
2.801008e+01
4.023653e+00
2.964500e+00
3.415709e+01
8.554216e+00
6.460527e-01
6.919069e-01
2.969605e-02
4.640867e+01
2.077317e+01
1.865030e+01
1.259868e-02
1.082521e+01
5.357594e+00
2.361574e-02
1.157431e-02
1.663663e-01
3.081186e+00
4.583522e+01
4.972820e+01
1.524360e+01
5.845117e+00
4.444053e+01
2.389758e+00
2.532178e-02
1.494406e+00
5.596721e-02
1.717140e-01
3.998299e+00
4.296563e+01
2.802049e+00
9.839878e+00
5.222531e+01
1.221978e-01
9.666793e+00
8.401263e-01
8.640126e-02
5.505361e+02
