8.762035e-01
1.327695e+00
5.062529e+00
1.823388e+00
3.320986e+00
3.495035e+01
1.910318e-01
2.835831e-02
7.475390e-02
3.112948e-01
1.205948e+01
1.043447e+01
5.843402e+00
1.333836e-01
1.261270e-01
1.150513e+00
3.998732e+00
2.848193e+01
2.025581e+00
3.763131e-02
2.345699e+00
4.151249e+00
5.742026e+00
2.531560e+00
1.459116e+00
4.545001e-01
4.891696e-01
1.538364e-01
8.034275e+00
4.554764e-01
2.367767e+01
2.476447e+00
5.779872e-03
4.422445e-03
6.776826e-03
7.794312e+00
4.168085e+01
9.236526e-03
1.751619e-02
2.528975e+00
1.242007e-01
5.219800e-02
4.840136e-01
1.384856e-01
5.546072e-02
1.313975e-03
1.102306e-02
7.833115e-01
5.997814e-04
6.865105e-03
5.506973e-04
4.584723e-03
3.650927e-03
2.071965e+00
1.032139e-03
2.546145e-01
7.877688e-02
7.093129e-01
1.112145e-02
4.847384e+00
3.784979e-01
6.712352e-03
3.820255e+01
1.172825e+01
9.570504e+00
9.523974e-01
5.474070e-02
1.797677e+00
2.930474e-03
5.862017e+01
2.092130e+00
1.212461e-03
5.808422e-02
1.822075e-01
5.224769e-04
1.183219e+03
3.718173e+02
1.104479e+00
1.460592e-03
2.216464e-01
1.555195e+03
9.390816e+03
2.425624e+03
2.914378e-02
1.882334e+04
8.415091e-01
4.722872e-04
3.224868e+03
2.112430e+03
8.212359e+02
4.993374e+00
5.889303e+04
7.827478e+00
2.200735e-03
2.040554e+02
8.784094e+01
6.492377e+02
4.960283e+01
7.100267e+02
3.914085e+01
1.810764e+02
7.763806e+00
7.959658e+02
8.945867e-01
2.034267e+02
1.730539e-01
3.152129e+01
1.355569e+02
1.917343e+03
5.646127e+04
5.591199e+00
1.087000e+00
1.027754e-01
1.757712e+00
5.545876e+01
1.617928e-03
3.996427e-03
4.977397e+00
7.390648e-02
1.739446e-02
9.137848e-02
1.085637e+02
8.307127e-03
1.825282e+04
1.809948e+01
3.367509e-01
4.824665e-02
9.223198e-02
1.500145e+01
1.975297e+00
1.110158e+02
2.631694e+01
2.664719e+00
1.044601e+01
5.628266e+02
6.228172e+02
6.228799e+00
3.570466e+02
1.631687e+03
1.002980e+00
1.658426e+01
6.815802e-04
1.953575e-01
1.135021e+00
3.878006e+00
6.436531e+02
7.688719e-01
1.848377e-02
8.615022e+01
7.416365e+00
9.328437e-01
2.314764e-04
2.550192e+01
4.413697e-01
1.511737e+01
1.238426e-04
5.667831e-01
3.163292e+02
3.285494e-04
2.048574e-01
1.774145e-02
1.919730e-03
4.608521e-04
1.169175e+02
8.473665e-03
8.061973e+02
8.036303e-03
6.100834e+02
2.389827e-02
6.684135e+01
1.817329e-01
5.734245e+01
7.129922e-04
3.405178e+01
1.097360e+00
4.738603e+03
4.733192e-03
8.589233e+01
2.241538e-04
1.734533e+01
1.623272e-02
9.824388e-04
3.430235e+00
1.834216e+01
8.304725e-01
1.924281e+00
1.971293e+01
6.079794e+00
6.381075e-01
5.880968e-01
3.474019e-02
3.812981e+01
3.607252e-02
1.141755e-01
2.479326e+00
2.547375e+00
2.239528e+00
2.925598e-02
2.295656e-02
1.121496e-01
9.936980e+00
3.054489e+01
1.114057e+01
5.373708e+00
4.043364e+00
2.776141e+01
1.534647e+01
2.207271e+01
1.432520e+00
1.375531e+00
9.599512e+00
1.318801e+00
9.400627e-01
7.805620e+00
3.645313e+00
2.751184e-02
3.449611e+01
4.899666e+01
1.098899e+00
2.773910e-02
3.197989e+02
