5.831181e-01
2.802946e+00
5.278420e+00
1.917682e+00
3.173179e+00
7.730131e-02
1.015871e-01
4.703409e-02
7.227636e-02
1.616231e-01
1.164949e+01
2.095114e+01
5.929157e+00
1.523691e-01
1.206523e+01
2.921181e+01
4.588762e+00
2.623961e+01
1.513132e+00
5.046960e-02
3.203529e+00
4.584579e+00
5.722570e+00
9.665033e-01
1.214748e+00
6.132294e-01
3.576932e-01
1.468478e-01
8.362796e+00
5.230136e-01
3.479789e+01
2.130209e+00
7.561897e-04
1.146766e-03
5.730656e-01
1.263902e+01
5.176079e+01
1.031553e-02
3.107300e-02
1.577012e+00
5.490991e-02
2.098215e-02
4.535738e-01
8.013003e-02
1.439469e-01
2.453569e-03
1.046917e-02
1.337624e+00
8.050954e-03
6.981026e-03
1.884370e-04
5.611113e-02
2.617969e-03
1.921626e+00
1.168733e-03
1.247744e-01
7.433608e-02
4.271531e-01
9.194719e-03
3.613017e+01
3.873853e-01
1.086486e-01
1.687246e+00
5.561569e+00
2.023245e+00
1.962653e+00
6.793396e-02
6.883596e-01
4.271086e-03
3.110459e+01
2.545786e+00
1.324640e-03
9.577836e-02
5.934608e-01
1.456928e-03
2.990874e+03
4.860730e+02
2.208281e+00
2.122517e+01
1.128163e+00
1.277858e+03
5.306111e+02
1.287667e+03
7.737303e-02
1.396277e+04
4.304302e-01
3.072441e-04
1.006505e+03
3.540104e+03
5.975866e+02
4.899248e+00
8.055257e+04
1.114190e+00
2.933798e-03
1.828783e+02
4.334203e+01
5.863964e+02
9.951396e+01
5.044112e+02
4.197013e+00
2.009730e+02
4.675801e+00
9.324566e+00
5.995497e-01
1.273914e+02
1.844167e-01
1.468559e+01
1.098419e+02
1.538971e+03
3.309707e+02
2.105732e+01
8.987025e-01
8.263476e-02
2.920682e-03
2.577428e+01
6.557793e-04
4.638118e-03
3.751463e+00
4.687161e-02
2.951075e-01
4.273887e+00
1.274816e+03
3.575262e-03
1.795527e+04
3.542333e+01
2.000280e-01
3.443448e-02
2.367567e-01
5.548221e+01
1.567821e+00
4.934343e+01
2.236774e+01
3.560541e+00
8.205820e+01
8.761525e+02
8.043849e+02
2.650769e+00
1.035295e+03
2.388940e+03
5.935317e-01
5.062969e+00
1.567858e-03
3.159739e-02
1.920928e+00
1.008318e+00
4.936322e+02
1.194668e+00
1.800749e-03
8.105893e+01
2.903584e+00
9.388077e-01
8.093667e-04
1.539465e+02
4.232303e-01
8.590560e+00
1.329216e-04
7.661447e-02
9.661570e+02
5.175097e-04
1.187545e-03
1.064098e+00
3.696239e-04
2.536735e+00
1.166025e+02
8.387623e-03
1.392357e+03
1.071904e-01
4.322831e+02
1.689252e-02
6.813883e+01
1.161744e-01
1.155348e+02
3.642219e-03
3.420440e+01
5.836559e+00
4.733012e+03
3.602097e-03
1.548387e+02
2.169301e-03
2.497024e+01
1.613758e-02
9.584118e-04
1.166234e+01
2.265520e+01
1.912915e-01
2.646163e+00
2.923731e+01
1.428991e+01
6.578830e-01
7.897852e-01
1.012767e+01
6.334635e+01
2.176685e-02
1.206753e-01
1.237374e+01
2.748792e+00
3.483237e+00
1.971331e-02
1.779436e-02
1.174198e-01
5.859853e+00
3.773994e+01
8.405596e+00
2.857843e+00
3.148843e+00
3.192009e+01
1.107188e+01
2.690764e+01
8.876699e-01
2.106086e+00
2.237151e+01
4.305256e-01
5.342813e-01
1.138640e+01
3.286801e+00
3.094771e-02
3.416367e+01
2.328784e+01
9.157140e-01
3.633536e-01
3.887091e+02
