6.928839e-01
1.692358e+00
1.856304e+00
1.947035e+00
3.272067e+00
4.777977e+01
1.899582e-01
3.183511e-02
7.387109e-02
1.648174e-01
1.735201e+01
1.150754e+01
5.165038e+00
1.896188e-01
6.264973e+01
1.383785e+00
4.793791e+00
3.100102e+01
1.352487e+00
4.629601e-02
3.389761e+00
4.659254e+00
5.191762e+00
1.249372e+00
1.594410e+00
7.070520e-01
4.295001e-01
1.538481e-01
7.132520e+00
4.370348e-01
1.967656e+01
1.685301e+00
1.087424e-03
1.613949e-03
5.478055e-03
9.787151e+00
1.780113e+01
1.093822e-02
1.592095e-02
1.527517e+00
5.999404e-02
2.944047e-02
4.266633e-01
9.763373e-02
5.482487e-02
3.507347e-03
1.043129e-02
2.026079e+00
1.031910e-02
7.340805e-03
8.530748e-04
2.316633e-02
2.230904e-03
1.916122e+00
1.584874e-03
2.874088e-01
6.106570e-02
2.598594e-01
9.236253e-03
1.474028e+01
4.389557e-01
7.714048e-02
1.962343e+00
5.317596e+00
2.125461e+00
1.100873e+00
6.141171e-02
1.052146e+01
1.881159e-03
1.425905e+01
2.890572e+00
1.302406e-03
7.779568e-02
3.256700e-01
1.267029e-03
4.040652e+03
6.807848e+02
1.450263e+00
4.567655e+01
2.095002e-01
1.806084e+03
6.490781e+02
2.372808e+03
4.526751e-02
2.386786e+04
5.220546e-01
2.543207e-04
1.626771e+03
2.572742e+03
5.036468e+02
5.319114e+00
3.014001e+04
7.852779e+00
2.400509e-03
1.978480e+02
5.699273e+01
6.465487e+02
7.476736e+01
5.455525e+02
3.042865e+01
1.831587e+02
7.340163e+00
9.001309e+00
5.935275e-01
1.344689e+02
2.009488e-01
1.394306e+01
1.119099e+02
1.852367e+03
8.426738e+02
2.103665e+01
9.188419e-01
1.335982e-01
6.783119e-03
5.114264e+01
1.535053e-03
3.992652e-03
5.712794e+00
5.717422e-02
1.541265e-02
3.865113e+00
1.539053e+03
6.160527e-03
2.345629e+04
3.122154e+01
2.964362e-01
3.826986e-02
1.654323e-01
2.596139e+01
1.725928e+00
5.316800e+01
2.709719e+01
5.213425e+00
1.137233e+02
8.593236e+02
1.003263e+03
3.713517e+00
5.364230e+02
1.872382e+03
6.094420e-01
1.534690e+01
1.700956e-03
2.434328e-02
1.331824e+00
1.009329e+00
4.547875e+02
9.779614e-01
1.967481e-03
9.003353e+01
4.748466e+00
8.972787e-01
4.717851e-04
1.259665e+02
6.160168e-01
8.452454e+00
1.321470e-04
3.473352e-01
8.945116e+02
6.589342e-04
1.267907e-01
2.120112e-02
9.468632e-04
2.896642e+00
1.201368e+02
7.829063e-03
1.384633e+03
1.349538e-03
4.539980e+02
2.618898e-02
8.047013e+01
1.713300e-01
9.623086e+01
2.611857e-03
3.372703e+01
1.526776e+00
6.024751e+03
5.186250e-03
1.597036e+02
1.150312e-03
2.784292e+01
7.854160e-03
9.215781e-04
1.226656e+01
2.340305e+01
1.829523e-01
2.069057e+00
2.297309e+01
8.226081e+00
7.044599e-01
1.088799e+00
9.612122e+00
5.660976e+01
3.070196e-02
1.192175e-01
2.885740e+01
2.649384e+00
3.319106e+00
2.660739e-02
2.926095e-02
1.131390e-01
9.453719e+00
3.651890e+01
9.385335e+00
3.786679e+00
3.446579e+00
2.599408e+01
1.222019e+01
2.258544e+01
1.253096e+00
2.141528e+00
2.219244e+01
4.206070e-01
8.957752e-01
1.038949e+01
4.055786e+00
2.566579e-02
2.705775e+01
2.562248e+01
9.512486e-01
1.320673e-01
2.880023e+02
