1.511008e-01
2.787849e+00
1.027548e+01
1.932260e+00
3.187504e+00
2.728033e+00
9.640940e+01
5.259846e-02
8.316211e-02
1.585309e-01
3.970905e+01
8.218327e+00
6.054062e+00
2.106946e-01
1.180349e+01
2.079983e+01
4.590867e+00
2.552551e+01
1.568068e+00
5.165912e-02
1.604923e+01
1.335429e+01
6.729580e+00
9.630901e-01
1.229583e+00
6.600382e-01
3.277342e-01
1.478383e-01
8.392183e+00
5.364417e-01
3.162258e+01
1.971924e+00
7.304778e-04
1.088468e-03
2.261932e-01
5.844901e+00
5.114649e+01
1.019822e-02
4.121088e-02
1.835581e+00
5.187249e-02
7.664653e-01
3.974050e-01
7.398771e-02
1.436256e-01
2.561351e-03
9.547316e-03
1.605790e+00
8.133036e-03
8.021958e-02
1.718375e-04
6.045403e-02
2.225256e-03
1.992585e+00
1.032160e-03
1.243841e-01
7.666047e-02
4.196349e-01
1.585747e-02
4.671050e+01
3.770366e-01
1.081375e-01
2.513968e+00
4.083435e+00
1.988953e+00
2.023943e+00
7.671064e-02
6.868344e-01
4.563225e-03
7.211231e-02
2.526359e+00
4.189508e-03
8.086711e-02
6.038334e-01
1.783838e-03
2.655215e+03
5.178846e+02
2.411408e+00
2.131727e+01
1.348523e+00
1.571823e+03
5.199882e+02
1.297514e+03
7.959176e-02
1.229757e+04
4.178365e-04
3.083128e-04
1.001821e+03
3.203384e+03
5.909624e+02
5.781642e+00
7.901457e+04
1.091996e+00
8.116431e-03
1.813672e+02
4.342875e+01
6.460822e+02
1.328153e+02
4.785014e+02
3.594132e+00
1.922775e+02
4.497822e+00
9.002782e+00
6.315004e-01
1.271700e+02
1.853457e-01
1.469500e+01
1.116383e+02
1.540136e+03
3.623237e+02
2.350630e+01
8.858978e-01
8.402053e-02
5.629277e-03
2.351278e+01
6.466175e-04
4.610503e-03
2.388942e+00
4.557144e-02
3.400524e-01
5.578403e+00
1.151227e+03
2.381145e-03
1.872205e+04
6.061499e+01
9.718526e-02
3.364435e-02
3.741934e-01
5.657261e+01
1.764760e+00
4.923041e+01
2.364561e+01
3.341857e+00
1.648991e+02
8.637083e+02
9.033845e+02
2.707307e+00
1.050347e+03
2.384396e+03
6.002542e-01
4.594352e+00
1.635455e-03
3.743463e-02
1.862172e+00
1.004066e+00
4.994833e+02
1.799272e+00
1.677905e-03
6.884405e+01
2.788739e+00
8.158054e-01
6.551444e-04
2.070508e+02
5.367279e-01
8.623431e+00
1.203208e-04
8.124203e-02
9.438468e+02
5.166876e-02
2.578673e-04
1.056230e+00
6.913098e-04
2.590467e+00
1.087666e+02
1.254927e-02
1.540209e+03
1.063717e-01
4.395742e+02
1.530919e-02
5.452646e+01
3.822182e-02
1.099545e+02
3.669282e-03
3.456640e+01
5.839599e+00
4.586715e+03
3.539804e-03
1.546528e+02
1.362335e-03
2.311779e+01
3.929206e-02
1.210913e-03
1.177923e+01
2.211154e+01
8.199113e-02
2.629089e+00
2.602271e+01
1.573255e+01
6.341399e-01
5.953120e-01
1.373841e+01
6.116821e+01
2.539321e-02
1.185666e-01
1.224538e+01
2.934881e+00
3.323837e+00
1.999905e-02
2.180241e-02
1.175708e-01
5.721267e+00
3.842834e+01
4.663361e+00
2.903057e+00
5.813765e+00
5.060810e+01
1.088371e+01
4.685551e+01
9.160277e-01
2.099209e+00
2.227754e+01
4.249848e-01
5.541908e-01
1.275704e+01
3.293079e+00
1.591152e-01
3.022634e+01
2.607311e+01
7.925381e-01
3.676835e-01
3.033777e+02
