5.379237e+01
2.223540e-01
7.247977e+00
7.619324e-01
7.407724e-01
1.240495e-01
1.369064e+01
3.632493e-01
8.208792e-02
1.386556e+00
1.978797e-01
3.465580e-01
8.343481e-02
9.693774e-01
6.578284e-01
1.858193e-01
7.375970e+00
7.069379e-01
3.149791e-01
4.808384e-01
4.755259e-01
3.414162e-01
2.070196e-01
2.905550e+01
5.088301e+00
1.108430e+01
2.085617e+00
3.409024e+01
9.036436e+00
2.067210e-01
2.973706e+01
1.669268e+00
4.751722e-02
9.560337e-01
1.315581e-01
1.761022e-02
1.923645e-01
3.127617e+00
1.993967e-02
1.063205e-03
5.974132e-02
3.908343e-03
7.597875e+00
6.319052e-01
1.971856e-01
7.577589e-02
2.383317e-02
1.880452e-01
1.407446e-02
9.026834e-04
1.370072e+00
7.276704e-03
2.313089e-02
1.319270e-03
1.559739e-01
1.956007e+01
9.262585e-01
2.983640e+00
3.120640e+00
1.925735e+00
1.265519e-03
3.858261e-04
7.641080e-04
2.006095e-03
2.170990e-01
2.015810e-01
3.782287e-03
1.563056e-02
6.774938e-01
3.268714e+00
1.668069e-01
2.255032e-02
3.130783e-02
3.119456e+00
8.553691e+02
1.461618e+00
2.838433e-03
5.899279e-03
3.429342e+03
1.132291e-03
4.627409e+03
1.121358e+02
3.825651e+01
1.940970e+00
1.020397e-03
3.800233e+00
1.256994e+02
5.656454e+01
1.037863e+03
6.038606e-03
1.297223e+02
3.904863e-02
2.381569e+03
1.696464e-01
1.672258e+02
1.083008e+04
8.798965e+03
1.293605e+03
5.880915e+02
9.933121e+00
2.071151e+02
5.120482e-03
2.007891e+01
1.025022e-01
3.593285e+01
9.397419e-01
1.275235e+02
2.029223e+01
1.135883e+00
1.378774e-03
2.042961e+01
1.478267e+02
4.767070e+00
1.083832e+03
7.561906e-04
1.412512e+04
1.143973e+02
3.509459e+00
7.171975e+01
1.047436e-02
2.309221e+03
1.102000e-02
6.331834e-01
1.228300e+02
4.435959e+00
2.093848e-01
4.273095e-01
1.706323e-01
1.565392e+00
5.957234e-03
2.115226e+02
3.417618e+00
2.669814e+01
1.779982e+00
7.389709e+01
2.688590e-01
4.137997e+02
9.294053e+00
5.564183e+01
2.982663e+02
9.275564e+00
5.131564e-01
7.570829e-02
7.306267e+01
1.726129e+00
7.062290e+01
4.208751e+00
3.353243e-04
8.056181e-02
3.868544e+02
1.129065e-01
1.360092e-01
1.264096e-01
9.159374e+04
2.017559e+01
7.206167e+04
3.430083e-02
1.439981e+00
4.226167e-01
1.384332e-03
1.470983e+01
2.799487e-01
7.799176e+01
3.545234e+00
1.549866e+00
4.709021e+01
2.571520e+00
3.592232e+01
6.626492e+02
6.380373e+02
3.328471e-02
4.361921e+02
7.426879e-01
2.582941e+02
9.316761e+00
4.939012e+01
2.518302e+03
1.591564e+01
1.477365e+01
3.016150e+02
3.490471e-04
7.579329e-04
1.101296e+01
4.145897e-01
4.580787e-02
1.671346e+00
5.878662e+00
9.364694e-02
1.858667e-01
2.539712e+00
6.601313e-01
3.299467e-02
8.591871e-01
1.589931e-01
1.201277e+01
1.805113e-01
3.457182e+00
4.770008e-01
4.188065e+00
9.518756e-01
5.693110e+01
1.897712e+00
2.280484e-01
1.544829e-01
2.639226e+00
4.583903e+00
1.865913e+00
1.400170e-01
3.603773e+00
9.465256e+00
5.606337e+00
3.170846e+01
9.399366e-01
9.365516e-02
3.093737e+01
5.001495e+00
7.348750e-01
1.074857e-01
3.000639e-01
3.109017e+00
2.594887e+01
