5.204711e+01
1.448621e-01
5.951765e+00
9.112827e-01
9.109496e-01
1.503887e-01
1.540906e+01
2.023469e-01
6.096918e-01
1.162728e+00
3.391902e-02
5.293454e-01
5.143807e-01
8.650641e-01
2.110873e-01
3.547639e-01
6.832694e+00
8.299320e-01
2.994982e-01
4.896556e-01
4.031230e-01
3.563501e-01
9.326198e-02
5.941156e+00
5.402531e+00
1.661887e+00
2.097016e+00
1.560219e+01
4.375751e+00
2.610606e-01
6.206479e-02
2.891067e-04
3.533774e-02
1.056606e+00
2.979132e-01
8.842210e-03
3.286980e-03
3.163228e+00
1.951818e-04
1.260080e-04
8.463837e-02
2.616389e-03
7.144536e+00
2.740052e-01
1.649424e-01
7.686444e-02
4.307439e-02
8.022492e-02
1.898195e-02
8.899944e-04
7.239607e-01
8.305446e-03
2.192302e-02
1.385812e-03
2.918687e-01
2.099324e+01
1.047428e+00
2.459871e+01
3.379476e+00
1.780670e+00
1.330433e-02
6.459019e-03
1.034690e-03
2.340157e-03
2.003122e-01
1.610696e-04
3.834668e-03
1.534371e-02
6.071819e-01
2.548465e+00
1.762767e-01
1.270184e-02
5.908891e-03
3.020862e+00
1.140644e+03
2.162549e+01
3.363734e-03
4.238889e-02
2.117097e+03
4.382683e-03
3.952401e+03
9.170198e+01
3.901602e+01
2.308009e+00
4.195926e-03
4.815594e+00
1.070587e+02
3.586500e+01
1.264138e+03
3.025250e-03
8.160067e+01
2.515622e-02
2.492680e+03
2.323811e-01
1.822196e+02
1.108581e+04
1.203121e+02
1.424758e+03
3.129907e+01
9.826993e+00
6.441086e+01
7.604440e+00
9.140171e+01
5.137161e-02
1.057940e+01
8.333521e-01
1.674577e+02
4.775193e+02
3.742252e+00
3.086733e-04
2.025740e+01
2.054993e+02
5.585024e+01
1.557219e+03
1.361637e-03
5.295733e+03
8.266242e+01
3.840826e-04
6.217885e+03
1.362758e-02
2.848609e+03
6.332847e-03
8.307886e-01
1.672720e+02
1.665642e+00
1.820543e-01
7.413365e-01
2.730305e-01
2.106471e+00
2.072366e-01
1.931136e+02
7.763332e+00
2.406181e+01
2.810804e-04
7.163628e+01
1.306665e-01
2.453844e+03
7.203049e+00
4.840406e+03
2.465468e+02
8.063231e+00
3.459912e-01
8.613401e-02
6.229581e-01
1.023464e+01
6.773807e+00
3.398355e+00
1.807944e-02
4.363877e-02
4.045655e+02
1.106092e-01
9.669497e-02
2.411873e-01
3.123382e+02
2.524088e+01
1.174573e+02
7.405343e-02
1.280560e+00
3.879128e-01
7.960586e-02
1.801325e+01
1.168983e+00
9.255755e+01
5.828842e+00
6.444349e-01
2.327795e+01
2.564033e+00
3.248310e+01
1.196511e+03
6.003543e+02
4.303157e-02
7.994581e+01
2.393912e+02
2.952280e+02
8.293449e+00
5.341134e+01
7.130477e+03
1.834036e+01
1.628145e+01
1.283069e+01
4.435369e-03
7.749230e-04
1.846454e+01
4.471135e-01
3.039138e-02
1.516816e+00
6.090119e+00
1.409391e-01
1.659116e-01
2.588155e+00
7.914265e-01
3.954366e-02
1.115597e+00
2.322418e-01
1.081984e+01
1.852826e-01
3.555398e+00
2.056203e-01
4.004941e+00
1.019010e+00
5.194453e+01
1.767519e+00
2.494241e-01
1.781716e-01
2.740651e+00
5.008443e+00
1.856458e+00
1.438899e-01
6.975139e-01
8.170055e+00
5.006189e+00
3.252626e+00
1.778591e-02
8.824546e-02
3.775623e+01
8.238506e+01
4.844074e-01
4.968236e-02
1.106213e-01
3.138700e+00
2.463810e+01
