7.593055e+01
2.149035e-01
6.252511e+00
7.558526e-01
8.523977e-01
1.618106e-01
1.446191e+01
1.962806e-01
8.269314e-02
1.338239e+00
5.237754e-02
4.156027e-01
6.355846e-02
8.754167e-01
2.068045e-01
3.444512e-01
6.397799e+00
8.152643e-01
3.032085e-01
4.339310e-01
4.048450e-01
3.279384e-01
2.273620e-01
2.309285e+01
6.084230e+00
1.632369e+00
2.089123e+00
3.352310e+01
5.801187e+00
2.777540e-01
6.490308e-02
2.979733e-04
4.851979e-02
9.622394e-01
1.612996e-01
1.107009e-02
3.495282e-02
3.054693e+00
1.308690e-04
5.491264e-04
8.650203e-02
1.176574e-02
5.986992e+00
4.635225e-01
1.632264e-01
6.668769e-02
3.910894e-02
1.681870e-01
1.894038e-02
9.028749e-04
1.407090e+00
8.953360e-03
2.277322e-02
1.330533e-03
1.304802e-01
1.983784e+01
1.010112e+00
3.336430e+01
3.127651e+00
1.739356e+00
3.710806e-03
6.132408e-03
8.947298e-04
1.927769e-03
2.392085e-01
2.002172e-01
3.586540e-03
1.479567e-02
4.603261e-01
2.531149e+00
1.760980e-01
1.272324e-02
8.082201e-03
3.283940e+00
1.309275e+03
1.436602e+00
3.660476e-03
2.360785e-02
2.189724e+03
3.061392e-03
4.277492e+03
9.094915e+01
3.491605e+01
2.235719e+00
1.125348e-03
4.499387e+00
1.295282e+02
5.981977e+01
1.312168e+03
2.403680e-03
8.876615e+01
2.419136e-02
2.454750e+03
1.885629e-01
1.757352e+02
1.151387e+04
1.185085e+02
1.483958e+03
3.116851e+01
8.505264e+00
2.310624e+02
7.997701e+00
3.548947e+01
9.142864e-02
1.087780e+01
8.552282e-01
1.763245e+02
5.189073e+01
1.405342e+00
4.631996e-04
1.965103e+01
1.493157e+02
5.412437e+01
9.118162e+02
1.296318e-03
7.658681e+03
8.105967e+01
1.849002e-01
6.030250e+03
1.415166e-02
2.288374e+03
9.079945e-03
7.094579e-01
1.295988e+02
1.691936e+00
2.383210e-01
3.681944e-01
2.580595e-01
2.111779e+00
2.244300e-01
1.837142e+02
7.440193e+00
1.919452e+01
1.485456e+00
7.426896e+01
3.379361e-01
4.490282e+02
4.413989e+00
6.054839e+01
3.181818e+02
7.622926e+00
3.883496e-01
7.271862e-02
7.112473e-01
1.006351e+01
6.400183e+01
3.639281e+00
1.598163e-02
1.253302e-01
3.807452e+02
1.129193e-01
9.409023e-02
1.489603e-01
3.082352e+02
2.503156e+01
7.148629e+04
5.716479e-02
1.319720e+00
3.979220e-01
7.425064e-02
1.585786e+01
1.147636e+00
8.962488e+01
3.798658e+00
7.886836e-01
6.240238e+01
2.404076e+00
3.510447e+01
1.146281e+03
6.000855e+02
4.085874e-02
7.695300e+01
2.373195e+02
2.909288e+02
8.743591e+00
4.851080e+01
2.010782e+04
2.029650e+01
1.456330e+01
1.325222e+01
7.067896e-03
7.432321e-04
2.028402e+01
4.431404e-01
3.075235e-02
1.367614e+00
5.977926e+00
1.158577e-01
1.543395e-01
2.481479e+00
6.733032e-01
4.597380e-02
9.993760e-01
2.503581e-01
1.139685e+01
1.726005e-01
3.651892e+00
3.985561e-01
4.128620e+00
9.282476e-01
5.441273e+01
1.834141e+00
2.017654e-01
1.691349e-01
2.621433e+00
4.690094e+00
1.846856e+00
1.381095e-01
3.397496e+00
9.446138e+00
5.608013e+00
2.490092e+00
8.708795e-01
8.710472e-02
4.262665e+01
5.319998e+00
5.620545e-01
1.025423e-02
3.496676e-01
3.132531e+00
2.580008e+01
