1.787258e+01
1.278803e-01
5.984199e+00
9.204673e-01
4.861956e-01
1.422284e-01
1.946338e+01
9.710913e-02
6.160957e-02
1.300066e+00
1.861233e-02
5.505999e-01
1.795152e-01
8.926194e-01
3.977511e-01
1.791385e-01
7.417635e+00
7.564970e-01
3.413445e-01
6.055289e-01
4.264073e-01
4.310072e-01
3.040934e-01
6.906548e+00
5.367754e+00
1.258716e+00
2.769995e+00
2.528653e+01
4.338674e+00
6.374988e-01
6.284835e-02
8.065282e-04
5.590431e-02
1.116217e+00
2.128580e-01
6.621854e-01
6.628722e-03
1.480790e+00
4.802395e-03
1.032297e-03
8.969302e-02
2.897175e-03
9.224996e+00
4.947322e-01
1.633538e-01
8.041685e-02
4.099969e-02
7.966934e-02
2.650745e-02
9.148562e-04
1.336635e+00
7.102047e-04
2.003208e-02
1.209459e-03
3.269473e-01
2.161390e+01
9.747466e-01
2.094339e+01
2.207570e+00
6.804474e+00
5.055983e-03
5.821068e-03
1.223575e-03
2.126781e-03
2.258715e-01
3.324558e-02
4.138766e-03
6.083577e-03
8.860328e-01
8.618753e-01
1.634450e-01
1.683314e-02
5.074447e-03
3.362397e+00
2.254437e+03
1.452289e+01
1.264623e-03
5.161900e-02
1.871332e+03
4.871333e-03
4.198780e+03
6.518406e+01
1.418721e+01
3.416716e+00
1.327126e-04
2.548752e+01
1.454165e+02
9.195968e+00
5.036203e+03
3.216543e-03
8.146204e+01
3.643864e-02
2.920230e+03
2.588903e-01
2.452848e+02
5.381251e+04
1.364516e+02
5.880454e+04
3.232342e+01
8.429844e+00
8.123630e+01
8.452389e+00
7.700305e+01
3.784989e-02
1.073711e+01
2.946791e-01
1.966668e+02
4.319934e+02
7.209128e+00
3.140291e-04
2.269870e+01
4.068863e+03
3.317097e+01
1.096369e+03
1.739411e-03
9.633927e+00
5.091404e+01
1.546093e-02
5.587329e+02
1.978562e-02
2.764014e+03
5.561536e-03
1.063255e+00
1.974995e+02
1.563774e+00
2.214369e-01
7.739682e-01
2.034936e-01
2.942996e+00
1.083646e+00
2.055252e+02
7.040442e+00
2.541104e+01
6.641166e-04
7.938495e+01
1.186068e-01
4.902433e+02
3.466842e+01
1.438305e+01
1.192925e+02
8.135585e+00
3.973403e-01
7.549257e-02
1.178926e+02
1.863909e+00
5.735635e+02
4.910721e+00
1.721220e-02
1.731544e-02
4.914795e+02
1.775514e-04
9.481882e-02
2.140105e-01
2.618342e+04
3.299514e+01
1.576306e+04
5.321699e+01
1.270321e+00
5.585042e+04
3.983362e-02
3.601300e-01
1.060899e+00
5.937085e+01
5.660771e+00
7.162002e-01
2.293916e+01
5.592258e+00
2.293034e+01
1.637986e+03
2.047240e+04
4.518741e-02
8.878341e+01
1.610239e+02
1.911588e+02
2.858738e+02
2.554195e+00
3.889148e+02
1.856063e+01
1.234210e-01
1.156325e+01
4.226256e-03
1.483816e-03
1.231166e+01
1.159779e+00
3.746606e-02
1.745545e+00
9.902825e+01
1.266807e-01
1.815150e-01
2.634142e+00
8.835795e-01
3.990983e-02
1.081830e+00
2.260220e-01
1.529714e+01
1.144449e-01
1.111154e+00
2.053574e-01
3.960183e+00
1.072184e+00
4.721648e+01
1.628712e+00
2.651786e-01
1.885588e-01
2.961255e+00
5.578805e+01
1.670481e+00
1.195177e-01
6.840919e-01
7.961018e+00
3.982763e+00
3.187517e+00
2.202323e-02
7.354906e-02
4.541947e+01
1.080639e-02
1.501803e+00
1.845326e-02
6.971622e-02
3.294324e+00
2.692702e+01
