5.378122e-02
1.402271e+01
2.443346e-01
2.617839e+01
4.644535e-01
3.625081e-01
1.350268e-01
1.330735e-01
7.365367e+01
1.105005e-01
2.834533e+00
7.976689e-02
8.775260e+00
1.388267e+00
7.275766e-01
7.493688e-02
1.381056e+00
1.446255e+01
5.545284e-01
7.014025e-01
3.342832e-01
1.586216e+01
8.682304e-02
6.333166e-01
1.370622e-02
6.428508e+01
1.615569e-01
7.764791e-02
3.073471e+00
2.999006e+00
2.545648e+00
3.700177e-04
2.574923e-01
1.965687e+01
2.838637e-01
1.085822e-04
7.781324e-03
1.753397e-03
1.155866e-03
1.533395e+00
3.716760e-04
1.320183e-02
5.581285e-03
5.141925e-02
2.598948e+00
9.758540e-03
8.805721e-03
1.017371e-02
1.244355e-03
5.419996e-04
1.304740e+00
9.478447e-04
7.795867e+01
3.192282e+00
4.440356e-04
5.933121e-01
2.245249e-04
1.225029e+00
5.021183e-03
7.003084e+01
6.813478e-04
2.766610e-04
1.081715e-04
1.972914e-03
1.159274e-02
3.333409e-03
3.096007e-04
5.128913e-04
5.376598e-03
4.149150e-02
4.141150e-01
4.090053e+01
7.454054e+01
2.894334e+01
3.392696e+02
4.550060e-04
1.000106e+02
2.219387e-04
3.603969e-04
2.645986e+03
4.442772e+02
1.346691e+02
5.440328e+02
1.000540e-04
9.132412e-04
1.463012e-03
3.586177e+02
5.128211e+02
9.584640e+00
2.525945e-02
1.908278e+01
3.069860e+01
2.331294e+03
2.244896e+03
3.733228e+01
1.059180e-01
2.432158e+00
2.323483e+01
2.969384e+01
1.880864e+01
3.016630e+01
2.620087e-04
4.806787e+03
1.149753e+01
1.999723e+00
2.260224e-04
1.792168e+00
8.516809e+04
6.549868e+02
4.567376e-03
1.401404e+03
7.262443e-04
7.062673e-03
1.631929e+04
1.041987e+03
3.812083e+04
3.425025e+00
1.300190e+00
1.039907e-04
1.133639e+02
8.457466e+02
1.475706e-01
4.093358e+00
2.217522e-02
1.579746e+04
1.303498e+03
2.544848e-03
3.330324e-04
1.832762e+03
1.409853e+00
4.486932e+02
7.601242e+03
3.871061e+02
3.870648e-03
4.878261e+01
8.307112e-04
1.560121e+01
7.293652e+02
1.267869e+02
1.706261e+02
3.634431e+00
8.532048e-01
4.236359e-04
8.444320e+01
7.120093e+02
2.495251e-03
1.302355e+01
2.030108e-03
1.130529e+02
6.759224e+02
4.197555e-02
6.887511e-02
4.212407e-02
3.101762e+03
1.144925e-04
1.016213e+04
2.890500e-01
9.699277e-02
3.422344e+03
2.646296e+00
1.509156e+02
6.943725e-03
1.672343e+03
2.541812e+01
9.010891e-01
6.636389e+01
1.408137e+03
1.145791e+00
2.655264e+00
2.176427e-04
1.244345e-03
7.489356e-02
1.155499e-03
1.857117e+03
7.460886e+00
1.354977e+03
2.860726e+02
1.173279e+02
7.204070e-02
1.420136e+01
2.981939e-02
3.929310e-01
1.783495e+01
1.348496e-02
1.520985e-02
8.949413e+00
3.796899e+01
9.632054e-02
3.434237e+00
2.079052e+00
1.785322e-02
2.055239e-01
2.424485e+00
1.635124e-01
2.932980e+00
6.166141e-02
8.767940e+01
2.295880e-01
1.959521e+00
2.882803e-01
5.396438e+01
1.942302e-01
1.340941e-01
1.941933e-01
5.823697e+01
2.516158e+01
2.494486e+00
2.063904e-01
3.840027e-02
5.832576e-01
7.297404e+00
1.980042e+01
1.488714e+01
3.157252e+01
9.648556e+01
3.131163e+00
2.692706e-01
2.487335e-01
1.956823e+01
2.614982e+01
6.633643e+00
