1.860908e-02
6.194910e+00
2.022054e-01
2.648123e+00
4.222757e-01
1.675640e+00
2.517496e+00
6.074019e+01
9.351365e-02
5.305953e-02
1.352894e-01
3.325856e+00
4.923465e-01
2.208601e+00
8.779028e+00
2.100915e+01
6.270412e-02
3.708149e+01
2.993094e+00
2.173493e-02
3.930938e+01
1.032900e-01
1.469011e+01
4.819414e-01
4.838116e+01
7.467303e-02
1.301097e-01
2.330988e+01
9.754877e-01
2.329488e+01
1.744824e+00
1.356457e-02
7.189662e-01
1.517135e-01
6.836610e-04
5.235946e-02
9.472658e-03
1.135739e-02
5.633459e-02
4.599671e+01
1.773918e-03
3.615462e-03
3.661948e+00
3.884424e+00
4.233408e-02
6.395563e-02
4.676488e-02
2.061913e-01
1.446742e+00
6.104613e-02
9.053403e-02
2.852944e-02
1.929262e-02
5.434446e-01
8.148944e-04
2.750832e+01
2.784801e+01
8.386532e-04
2.299813e+00
1.600693e-03
3.938635e-04
5.433583e-03
9.843763e-04
2.159130e-02
2.396905e-03
3.940533e-01
2.785345e-01
1.351226e-03
5.741940e-03
1.865335e-03
2.536668e+00
3.539665e+01
1.286031e-01
4.511750e-03
6.256504e-01
4.401333e+03
3.286586e+03
4.751134e-02
5.892980e+00
5.016042e-01
1.382017e+04
5.599747e+03
1.997067e+01
1.070883e+03
3.890072e-02
1.204123e+02
4.826704e+03
1.046140e+03
5.765240e+00
2.080882e-02
3.144764e+01
1.621824e+02
2.166634e+02
5.750204e-03
6.531758e+00
5.358770e-03
4.493215e+01
3.842298e-04
1.657488e+00
1.328478e-02
1.006284e+03
2.390229e+01
4.579678e+02
5.370384e+00
3.838323e+01
3.192838e-02
2.174784e+01
1.214959e+03
2.640516e+02
3.277904e-01
3.078782e+03
2.370368e+02
5.151997e+01
2.008161e+04
2.623392e-02
1.335536e-02
8.262862e-02
9.400388e+01
1.785341e+00
2.640820e-01
1.114903e+01
3.958280e+00
1.108019e-02
2.240928e-02
2.086442e+00
3.307541e+03
7.823759e+01
3.164877e+02
3.025628e+03
1.035603e+01
3.253855e+02
3.950910e+04
7.397413e+01
7.780674e-03
1.822728e+02
1.010132e+00
1.775019e+01
1.875698e-04
2.260354e+03
1.657586e-02
1.152752e+01
3.410397e-03
9.153425e-02
4.590587e-01
1.242426e+03
4.988729e-01
3.129975e+01
3.430880e-02
5.715283e-02
1.502150e+01
1.231128e-02
3.871674e-02
1.038935e+03
6.256249e-01
1.521966e-02
1.196570e-01
4.396704e+00
1.240258e+03
1.078436e+03
7.723442e-02
2.444073e-03
4.410862e-04
6.943158e-02
7.895674e+00
5.207122e-02
2.879339e+02
2.931405e+03
6.592469e+02
2.920782e+04
1.419284e-04
1.620464e-01
1.801833e-03
4.607513e+03
1.042236e+01
1.590054e-01
2.793602e+03
1.962103e+01
1.796442e+02
5.025750e-01
1.902009e+02
5.344939e-02
2.884984e-01
5.097320e+01
1.117757e-02
5.610561e-02
4.472905e+01
2.741874e+01
1.086355e+01
6.793525e-01
3.878496e+00
1.935171e-01
2.809416e-01
1.652473e-01
2.741143e+01
3.143444e-01
1.328975e+01
3.711156e+01
5.848810e-01
4.457367e+00
1.724456e-01
1.414260e-01
6.619703e-01
1.022899e-02
4.553302e+00
8.885144e-02
5.335794e+00
3.063965e-01
4.823541e-01
2.767585e+01
3.713610e+01
5.076774e-02
6.269965e+00
1.975387e+00
1.776270e+00
1.048904e+01
1.584858e+00
5.725078e+00
4.737720e+00
7.056628e-01
2.519982e+00
2.930695e+00
