9.769402e+01
1.303406e-01
6.033597e+00
9.006444e-01
5.592600e-01
1.438767e-01
2.178849e+01
9.763594e-02
6.230103e-02
1.293699e+00
3.868912e-02
5.459636e-01
1.654719e-01
8.752457e-01
3.949806e-01
2.684648e-01
7.564156e+00
8.111021e-01
2.882906e-01
6.177975e-01
4.239047e-01
4.375946e-01
2.907637e-01
4.838194e+00
5.472443e+00
1.312878e+00
2.248682e+00
2.123754e+01
4.371445e+00
2.609442e-01
6.516721e-02
2.594916e-04
5.136921e-02
1.098031e+00
2.793243e-01
1.222689e+00
6.381739e-03
2.030453e+00
4.746869e-03
8.725175e-04
8.684399e-02
2.775740e-03
8.916032e+00
4.817041e-01
1.672256e-01
7.763143e-02
4.261869e-02
8.011766e-02
1.956458e-02
8.560453e-04
1.308975e+00
8.017059e-03
2.795196e-02
1.243552e-03
3.118563e-01
2.156085e+01
1.211695e+00
2.124490e+01
2.090229e+00
1.756594e+00
5.398940e-03
8.648983e-03
1.274602e-03
1.920024e-03
2.178107e-01
3.522624e-02
4.080455e-03
5.814880e-03
6.859870e-01
9.680995e-01
1.668519e-01
1.214809e-02
5.238871e-03
3.705547e+00
2.284413e+03
1.605760e+01
1.384968e-03
5.019089e-02
2.123273e+03
4.610943e-03
3.884530e+03
7.425394e+01
1.511965e+01
3.022030e+00
1.074812e-04
4.268331e+00
1.197835e+02
9.006442e+00
1.548770e+03
3.533970e-03
7.633593e+01
3.629148e-02
2.733115e+03
2.211576e-01
2.514758e+02
9.239136e+04
1.291791e+02
3.909284e+04
3.256960e+01
9.452604e+00
8.491314e+01
8.467037e+00
7.311672e+01
4.646378e-02
1.072473e+01
2.732587e-01
1.978562e+02
4.160145e+02
7.243434e+00
3.217659e-04
2.276370e+01
3.910546e+03
5.703762e+01
1.172932e+03
1.659530e-03
9.208463e+03
5.466577e+01
1.604766e-02
6.700966e+03
2.106507e-02
2.544014e+03
6.325088e-03
8.837865e-01
1.860647e+02
1.546036e+00
1.858273e-01
7.361080e-01
2.063778e-01
2.984425e+00
2.104165e-01
2.136254e+02
7.022902e+00
2.567243e+01
5.310946e-04
7.754364e+01
1.282132e-01
2.050252e+03
2.993189e+01
4.842543e+03
1.178737e+02
7.933223e+00
3.699828e-01
7.203037e-02
1.244608e+02
1.016666e+00
9.405855e+00
4.842284e+00
1.760651e-02
2.784011e-02
4.977088e+02
1.316523e-04
9.894575e-02
2.102379e-01
2.520297e+04
2.513983e+01
1.596944e+04
6.892393e+01
1.271841e+00
5.122294e+04
3.988464e-02
3.607064e-01
1.039468e+00
9.556045e+01
6.373374e+00
7.032825e-01
2.303171e+01
6.198613e+00
2.454650e+01
1.921113e+03
5.029960e+04
4.373454e-02
8.471796e+01
1.590046e+02
3.169409e+02
1.132867e+01
5.513283e+01
6.334434e+03
1.912896e+01
2.194501e+01
1.146476e+01
4.150867e-03
1.235799e-03
1.700609e+01
1.195584e+00
3.348863e-02
1.890016e+00
9.873606e+01
1.334806e-01
1.848360e-01
2.520726e+00
8.663991e-01
3.891488e-02
1.066896e+00
2.355148e-01
1.572332e+01
1.162499e-01
2.259697e+00
2.308811e-01
3.972750e+00
1.035031e+00
8.172247e+01
1.651567e+00
2.711840e-01
1.829527e-01
2.736517e+00
4.570482e+00
1.651492e+00
1.515395e-01
6.986825e-01
8.152532e+00
3.980423e+00
3.184912e+00
2.636064e-02
7.701389e-02
3.366496e+01
6.587814e+01
4.796422e-01
1.957230e-02
1.097970e-01
3.017162e+00
2.642097e+01
