1.765173e+01
1.280696e-01
6.082510e+00
9.148953e-01
5.594243e-01
1.362819e-01
1.919566e+01
9.745250e-02
5.913827e-02
1.298322e+00
3.784643e-02
5.420981e-01
1.702835e-01
8.768027e-01
3.988599e-01
2.695155e-01
7.576100e+00
8.040801e-01
2.957349e-01
6.139948e-01
4.229770e-01
4.339574e-01
2.904118e-01
4.897989e+00
5.551278e+00
1.303186e+00
2.848973e+00
2.064199e+01
4.399856e+00
2.626863e-01
6.417791e-02
8.046481e-04
5.219046e-02
1.084994e+00
2.925847e-01
8.293086e-01
6.467277e-03
2.009326e+00
4.679771e-03
1.042838e-03
8.592805e-02
2.765871e-03
9.145768e+00
4.812350e-01
1.692314e-01
7.736638e-02
4.101883e-02
8.030225e-02
2.593588e-02
8.460326e-04
1.378636e+00
7.968664e-03
2.788753e-02
1.236881e-03
3.152042e-01
2.127702e+01
1.202107e+00
2.086807e+01
2.116646e+00
1.811085e+00
5.418195e-03
8.508412e-03
1.264032e-03
1.918749e-03
2.200719e-01
3.457216e-02
4.096888e-03
5.832022e-03
8.421545e-01
9.484809e-01
1.647344e-01
1.224803e-02
5.240788e-03
3.734417e+00
2.328071e+03
1.512149e+01
1.317168e-03
5.250570e-02
2.115455e+03
4.628272e-03
4.059964e+03
7.494179e+01
1.500509e+01
2.904829e+00
1.225536e-04
4.245771e+00
1.205120e+02
9.015931e+00
1.954766e+03
2.996680e-03
7.661467e+01
3.863772e-02
2.889332e+03
2.217274e-01
2.533137e+02
8.966788e+04
1.288666e+02
4.410398e+04
3.216876e+01
8.068548e+00
8.459906e+01
8.355924e+00
7.383233e+01
4.511853e-02
1.076123e+01
2.770611e-01
1.978185e+02
4.263515e+02
7.157152e+00
3.147920e-04
2.307708e+01
4.063168e+03
5.543790e+01
1.123725e+03
1.748116e-03
1.051933e+04
5.666591e+01
1.576116e-02
5.658623e+02
2.162027e-02
2.712193e+03
5.868425e-03
1.106625e+00
1.884924e+02
1.577868e+00
1.903913e-01
7.379287e-01
1.992106e-01
2.941118e+00
2.098644e-01
2.232642e+02
7.343277e+00
2.545646e+01
6.521996e-04
7.819587e+01
1.284884e-01
2.051437e+03
2.815086e+01
5.535272e+00
1.178635e+02
7.911725e+00
3.710915e-01
7.426736e-02
1.230316e+02
1.009090e+00
1.212538e+01
4.850055e+00
1.748003e-02
1.814767e-02
4.959934e+02
2.159916e-04
9.608219e-02
2.110182e-01
2.510076e+04
2.600284e+01
1.600318e+04
7.014192e+01
1.275508e+00
5.440363e+04
3.987441e-02
3.639953e-01
1.048370e+00
5.752890e+01
6.370127e+00
7.171208e-01
2.288727e+01
6.183095e+00
2.403273e+01
1.896653e+03
1.937070e+04
4.392346e-02
8.679003e+01
1.597046e+02
3.172211e+02
1.169284e+01
5.986735e+01
6.235332e+03
1.902652e+01
2.254444e+01
1.145088e+01
4.166667e-03
1.436519e-03
1.234822e+01
1.171507e+00
3.322752e-02
1.841979e+00
9.785529e+01
1.352891e-01
1.818325e-01
2.513127e+00
8.756947e-01
3.920134e-02
1.091001e+00
2.339632e-01
1.545311e+01
1.164331e-01
2.278274e+00
2.042776e-01
3.914667e+00
1.060960e+00
8.824951e+01
1.607062e+00
2.689894e-01
1.871872e-01
2.812168e+00
4.556092e+00
1.640490e+00
1.538204e-01
6.985514e-01
8.113718e+00
3.992231e+00
3.202897e+00
2.626026e-02
7.541073e-02
4.639615e+01
1.045729e-02
4.802072e-01
1.895927e-02
1.105549e-01
3.022529e+00
2.635139e+01
