3.878030e+00
6.224961e-01
1.435094e-01
7.961229e-01
4.055718e+00
7.525320e-02
3.072673e-01
2.843211e+00
2.262493e+00
6.538396e-01
1.414029e-01
2.114060e+00
8.014932e+01
6.103777e-01
2.816436e-02
2.063654e+00
6.719242e-02
4.247283e+01
3.662910e+00
3.308722e-01
1.097834e-01
8.628977e+00
6.086733e+00
3.799016e-02
1.279072e+00
1.171835e+00
3.221293e-01
2.310174e+00
2.860773e-01
2.737675e+01
5.358631e-02
2.952323e-01
5.829880e-02
6.544872e-03
7.722757e+00
1.880321e+00
4.208188e+00
5.481941e-01
5.948713e-04
1.015429e-01
1.283576e+00
1.269932e-02
6.958099e+01
1.917672e+01
1.708951e+00
1.182446e-02
7.891972e-02
7.611508e+00
7.460501e-03
2.446788e-04
7.482434e-03
2.454940e-03
3.711405e-02
1.026071e-01
1.308235e-03
1.141368e+01
3.052491e-04
4.278866e-02
1.948628e-04
9.719774e-03
2.032476e+00
4.550256e-01
4.091572e+00
7.322847e-03
4.573685e-02
2.622277e+00
7.704580e-01
3.467080e-01
1.633671e-01
1.906166e-01
2.173815e+01
2.745900e-03
1.309614e-01
1.374581e-01
1.869240e+04
2.844802e-01
8.434003e-03
1.515219e+02
2.205101e+01
1.130994e+03
2.188986e-01
2.164846e+02
8.208012e-03
3.027988e+04
8.739636e-01
1.600999e+02
1.142940e+03
1.535856e+01
1.287001e+01
2.454107e+03
5.037673e+02
2.719307e+03
1.668416e+02
3.668282e-02
1.262499e+03
8.330204e+01
1.342672e+03
2.683080e-02
3.668603e+02
6.975458e-02
1.340499e+03
2.359544e-03
3.604623e+02
3.334227e+03
2.180458e+02
2.278610e-02
4.367611e+02
3.094651e+01
1.280994e+02
4.256800e+04
1.458483e+02
1.741419e-01
1.174155e+00
1.356664e-01
2.097318e+00
6.515140e+00
7.656666e-02
2.385314e+01
7.209686e+00
2.523014e-04
3.007783e-02
2.739620e-02
8.431020e-03
6.209936e-03
6.080933e+01
5.846186e-02
1.089106e+01
3.662826e+04
2.385074e+03
1.379852e+02
1.774298e+03
3.779407e-02
1.957135e+02
1.644135e+00
8.431471e+01
5.550963e-01
2.412087e+01
1.980159e-02
1.655455e+00
6.710421e+01
3.512309e+03
2.775572e-02
1.426777e-02
1.545274e+04
2.884157e+03
6.428038e-02
4.895161e-01
5.482808e-01
2.532016e+03
1.534708e+03
1.331904e-02
6.268515e-04
7.502459e-03
9.967191e+03
1.005625e+01
7.431710e+02
7.642152e-02
3.985331e-01
2.515374e+04
1.456286e+00
4.959584e-02
6.314372e-01
2.637777e-02
5.047365e+00
2.632435e+00
3.864473e+00
4.252472e+00
2.309248e+00
6.964592e-01
4.082252e+00
1.994191e-02
4.981528e+02
2.229019e+04
2.832882e+03
4.051034e-03
1.743761e+03
3.122735e+01
1.934964e+01
2.628843e-01
4.461062e+01
1.459353e-02
6.732039e-02
3.057426e-02
5.104577e+00
1.664668e+01
4.717910e-01
8.257488e-01
5.692430e-02
7.814253e+00
4.617547e+01
1.366731e+01
7.822095e+00
1.346971e+00
6.574589e+00
9.221299e+00
1.188898e+00
9.931286e+01
3.454571e+01
1.208465e+00
1.044845e+00
4.701760e+00
1.551004e+00
2.730136e+00
4.946061e-01
7.400808e-01
1.381909e+01
1.017836e+00
2.186417e+01
8.584562e+01
9.337157e-01
2.029279e-01
3.325284e-01
7.322400e-01
1.090103e-01
3.271050e+00
3.275711e-01
2.519351e+01
1.067161e+01
2.602629e+01
2.696018e+00
1.627158e+02
