1.698016e+00
3.233506e-01
4.640523e-01
7.245464e+00
2.439853e-01
7.322170e-01
2.205186e+00
4.803851e+00
4.061936e+00
3.414448e-01
9.979584e-02
1.416098e-01
1.050590e-01
3.278473e+00
1.140167e+00
3.709386e+00
6.265397e+00
4.878199e-01
4.462789e-02
1.494054e-01
1.725905e+01
1.985319e+00
7.107589e-02
4.325182e-02
1.582796e+01
8.975430e+00
1.410418e-01
4.733290e+00
3.209292e+00
1.780140e+00
1.529920e-02
9.581001e-01
3.336487e-02
7.886349e-01
1.788044e-01
2.865221e-02
1.052002e-01
7.256805e-01
8.886535e-02
6.807263e-03
7.444474e-01
1.860191e-03
2.765332e-01
2.780717e+00
1.243599e-03
5.019543e-03
3.007777e-04
8.825537e-01
5.152186e-04
5.966534e+00
4.326650e-02
2.027243e-01
7.824338e-02
1.347236e-03
2.058910e-01
3.269292e-01
7.816035e+01
5.000274e-02
6.018903e-01
6.341747e-03
1.933662e-03
2.165490e-01
1.076060e+01
6.200311e-03
6.847925e-02
7.714380e-02
7.040996e-04
1.283059e-02
7.906450e-02
9.752286e-04
3.054170e-03
5.921979e-03
3.315919e-01
1.893517e+01
7.036163e+03
6.119821e+00
2.155204e+00
3.631119e+00
6.937739e-02
9.303528e+01
1.431704e+02
8.822751e+03
2.706008e-01
9.390055e+00
5.283173e-03
3.313214e-03
1.795286e-04
1.843059e+03
3.541792e+00
2.666010e+01
3.090600e+02
2.628303e+03
3.892493e+01
4.188512e-03
1.642456e+02
1.131649e+02
1.124765e+03
4.824636e+02
5.150466e+01
1.180467e+03
6.005506e+00
7.279412e+00
1.692162e+01
1.118168e+02
4.514145e+00
6.505255e+01
2.747923e+01
5.649980e+02
1.594525e+02
7.651889e-02
4.260500e+01
8.977144e+03
1.885406e+03
2.208497e+00
1.180382e+00
9.939092e+01
1.187722e-02
6.382057e+00
8.092570e+01
3.247185e-01
2.794055e+02
5.382593e+00
4.340493e+01
7.186495e+02
8.931971e+02
3.935684e+00
1.402389e+04
7.058442e+01
1.775079e+02
4.783650e-02
7.820401e+00
7.781114e+01
7.632535e+01
2.139577e-01
3.106393e+02
7.304883e+00
1.229403e+02
1.288106e+03
1.168042e+03
3.850153e-03
1.193208e+02
1.379234e-01
1.958592e-02
5.951080e+02
6.807713e+00
4.047686e+01
3.776391e-01
3.608997e-04
6.298861e-03
2.301010e+02
2.277862e-03
7.824233e-04
3.235604e-03
3.715178e+03
1.544920e+00
1.740154e+00
1.100101e-02
2.168253e+04
6.246481e-04
1.623947e-01
9.089299e+00
9.749287e-04
1.030173e-02
5.547751e+01
2.386080e+01
2.694519e+00
2.365415e+02
5.727287e+02
7.015268e+03
3.502710e+03
4.475836e-02
1.434823e-02
7.790883e+00
2.509115e+01
8.829905e+00
8.275046e+01
3.995188e+02
2.382323e+01
8.495341e+03
9.564339e+02
3.752934e-02
5.532216e-04
1.207955e-01
1.177631e-02
1.596450e+00
1.756545e+00
1.624124e-01
7.337650e-01
2.813208e+00
1.499648e+00
1.745209e+00
1.654778e+00
7.340103e-02
1.842482e+00
2.438211e+01
1.969343e-01
3.489667e-01
3.028937e-02
1.125006e-01
6.079730e-01
2.834388e+00
1.345543e-01
1.599905e-01
2.630735e-01
1.304085e+01
3.172071e+00
3.769290e-01
6.599386e+00
4.476983e-02
3.071056e+00
2.038905e+00
5.830765e-02
1.977385e+00
8.628732e+00
4.349223e-02
9.154639e-02
1.306270e-01
1.560743e+00
1.011136e+01
5.078650e+00
1.749799e+00
