1.656810e+00
3.127247e-01
4.710855e-01
7.209278e+00
2.592044e-01
1.016070e-02
2.079576e+00
4.653470e+00
3.208074e+00
3.281275e-01
9.758326e-02
1.484549e-01
6.833791e-02
3.242330e+00
1.090983e+00
3.826817e+00
6.467596e+00
4.595388e-01
4.464211e-02
1.380291e-01
1.763386e+01
2.007361e+00
7.326792e-02
4.670389e-02
1.613610e+01
9.483334e+00
1.043399e-01
5.293595e+00
7.172829e+00
1.735462e+00
1.466081e-02
1.017076e+00
2.128559e-02
8.611060e-01
1.800473e-01
3.033492e-02
1.059238e-01
7.397023e-01
9.816917e-02
6.044932e-03
6.994184e-01
1.852389e-03
2.755229e-01
2.986735e+00
2.354555e-04
4.687051e-03
1.769313e-04
8.653242e-01
5.276958e-04
5.393230e+00
1.374485e-01
1.572807e-01
7.350564e-02
1.142973e-03
2.151357e-01
4.727491e-01
9.916790e+01
4.894753e-02
3.220643e-01
6.332001e-03
2.637974e-03
2.158487e-01
1.144334e+01
5.981734e-03
6.916339e-02
6.370959e-02
7.603437e-04
1.041443e-02
7.559249e-02
8.686330e-04
3.157437e-03
5.990644e-03
3.084175e-01
1.780503e+01
5.630230e+03
6.501343e+00
1.040021e+01
3.403676e+00
6.796759e-02
8.836959e+01
1.433045e+02
1.092649e+04
1.613863e+01
8.444867e+00
4.737117e-03
3.384453e-03
2.392400e-04
2.320243e+03
3.936901e+00
2.166615e+01
3.041862e+02
2.667458e+03
4.305314e+01
4.487167e-03
1.928087e+02
1.356480e+02
8.395251e+02
3.740043e+02
5.498626e+01
1.172924e+03
5.754123e+00
4.792239e+00
1.751748e+01
1.198755e+02
5.039966e+00
6.351114e+01
2.950264e+01
9.685340e+04
1.640709e+02
4.616929e-03
4.416355e+01
7.733716e+03
1.970654e+03
2.111220e+00
2.331908e+00
8.533067e+01
1.174081e-02
6.547149e+00
8.488816e+01
3.780728e-01
2.633203e+02
1.631173e+00
1.535404e+01
6.581618e+02
8.928117e+02
2.822624e+00
1.192404e+04
7.482505e+01
1.772083e+02
4.700299e-02
1.400964e+03
6.434034e+01
7.801816e+01
2.082006e-01
2.993397e+02
1.204447e+01
1.245673e+02
1.296305e+03
1.242238e+03
7.108492e-03
1.222289e+02
1.173660e-01
2.103430e-02
5.217674e+02
7.193353e+00
3.084544e+01
3.826305e-01
3.389661e-04
6.048098e-03
2.250295e+02
2.304214e-03
8.180430e-04
3.733910e-03
4.936259e+03
1.553027e+00
1.555863e+00
1.238063e-02
2.684969e+04
3.431184e-04
1.658163e-01
1.118056e+01
1.339255e-03
6.135757e-03
5.518327e+01
2.635323e+01
1.494170e+00
2.198407e+02
5.279191e+02
7.778851e+03
3.544125e+03
3.931727e-02
1.380143e-02
1.753449e+01
2.503283e+01
9.226989e+00
5.322310e+01
1.536324e+02
2.877726e+01
1.112554e+04
2.392320e+02
3.685435e-02
5.485313e-04
1.210312e-01
1.462376e-02
1.639451e+00
1.800979e+00
1.665867e-01
7.307638e-01
7.241926e-01
1.530295e+00
1.792978e+00
1.651565e+00
5.256301e-02
1.697888e+00
2.447609e+01
1.985908e-01
3.508350e-01
2.618384e-02
1.111624e-01
5.439339e-01
1.708816e+00
1.236608e-01
1.348593e-01
2.825108e-01
1.126935e+01
2.951778e+00
3.691719e-01
6.751804e+00
4.536513e-02
3.051559e+00
2.042802e+00
5.824179e-02
1.913673e+00
8.709191e+00
4.128883e-02
7.085315e-02
1.324636e-01
1.542745e+00
9.494374e+00
5.150035e+00
1.777136e+00
