6.661869e-01
4.119232e-01
7.782511e-02
1.164118e+01
1.929426e-02
9.188540e-02
4.132511e-01
6.469880e+01
1.415976e+01
5.192347e+01
1.115764e-02
2.096677e-01
4.023842e-01
1.013882e-02
5.081819e-01
1.821988e+01
3.702144e+00
3.368819e+00
2.213431e-01
4.482822e-01
7.462737e-01
1.964638e+00
1.670957e-02
1.756109e-02
4.694448e+01
4.138575e+01
1.958665e-01
3.479695e+00
1.230345e+01
2.087682e-02
5.380669e-03
1.505830e-02
1.030079e-01
3.828098e+01
1.666718e+00
3.308522e-03
1.027228e-02
2.801115e+00
7.095107e-02
9.683288e-01
8.874561e+00
1.725900e-03
2.443213e+00
3.470482e+01
2.788552e-01
5.703526e-03
9.854591e-02
7.570152e+00
3.453401e-04
4.621336e-03
1.139338e-04
1.410562e-03
2.083564e-03
1.207194e-03
3.513472e+01
1.136278e+01
1.963404e-02
1.459059e+01
6.897140e-02
1.279675e-04
1.101799e-04
2.926869e-01
1.970217e-01
3.565488e-02
5.227544e+01
2.445188e+01
4.218521e-03
8.668816e-04
2.729461e+01
1.529215e-02
5.817226e-04
6.522903e-03
3.687098e+00
1.598996e+00
1.847916e+02
1.354454e+01
2.839061e+00
1.488281e-02
6.555304e-03
4.775334e+01
1.542479e-01
1.232046e-03
6.951374e-03
1.058547e+03
2.410239e+03
4.509401e+03
3.778143e-03
4.247309e+04
7.315352e+00
4.256322e+03
3.221532e+02
1.259946e+03
6.399097e+01
5.988398e-01
8.581477e+01
6.321137e+01
8.847932e+00
1.010946e+02
1.853020e+00
3.416631e+01
5.970026e+02
3.411157e+03
6.043765e+02
5.524857e-01
4.226336e+01
6.862429e+02
4.213774e+02
9.238064e+00
1.357273e+03
2.874210e-01
2.736537e+01
1.091294e-01
7.711375e+03
4.138864e-04
1.259117e+00
5.644268e+04
5.687479e-01
1.189139e-02
6.413091e-04
1.920624e-03
2.093442e+00
6.803512e+03
1.482746e+01
5.687895e+04
2.760784e-03
3.249678e-01
1.603663e-03
5.364018e+04
6.453771e+00
3.005101e-01
1.035852e+00
1.389222e+04
2.252683e+00
9.262381e-01
3.137387e+03
3.475208e+00
1.178368e+02
4.027396e+04
5.595805e+03
2.991282e-02
9.441259e+01
5.367825e-03
1.635717e-03
1.719414e+03
4.011375e+00
6.837675e+03
1.162088e-03
1.803879e-04
3.753588e-04
4.136401e+00
3.296438e-02
2.446231e-04
1.793102e-01
4.370132e+04
1.338010e-01
3.728596e+00
1.035798e-04
9.475591e+01
2.869445e-04
5.311646e+02
3.500964e+02
1.065743e-04
1.906884e-02
2.807674e+02
1.081269e+02
2.331068e+00
6.244149e+01
6.803444e+00
3.764495e+03
1.768324e+04
1.021081e-01
3.965999e+04
5.797064e-02
2.191573e+02
4.649196e+01
1.242345e+01
8.976987e+03
3.211819e+01
5.542284e+00
7.425362e+01
1.177699e-01
4.221471e-04
1.672908e-02
4.037762e-02
2.179870e+00
2.311785e+00
4.904606e+01
5.488420e-01
5.071412e+01
2.803143e-01
1.262029e+00
2.639997e-01
1.121913e-02
4.044897e+00
1.601839e-01
5.411519e-01
5.742609e+00
5.185170e-02
1.545487e-01
1.654582e+00
2.251865e+00
6.091651e+00
6.256438e+01
8.510727e+01
7.550962e+00
9.865988e-01
1.558308e+00
1.955250e+00
2.322302e-02
3.078185e+00
7.380506e+01
1.533362e-01
9.171991e-01
6.196046e-02
2.871758e-02
1.248434e+00
9.216411e-01
1.117225e-02
9.870923e+00
4.025874e-02
2.299062e+00
