2.300203e-01
1.058030e+00
1.238549e+01
1.404531e-01
1.178698e-01
4.872864e+00
4.401510e+00
3.397416e-02
1.084478e+01
2.677668e-02
1.423619e-01
7.924141e-02
4.873465e-01
2.196645e-01
9.383268e-01
2.800897e-01
1.045543e+00
6.750411e-02
6.354728e-01
6.861193e-02
4.333971e+01
5.319617e-01
2.893193e-01
1.826193e-01
1.369692e+01
8.275885e-01
2.632867e-02
1.352039e-01
1.372114e+01
9.467484e-02
4.552022e-01
4.417488e+00
8.341265e+00
1.148861e-01
1.557079e-02
9.485627e-03
3.118195e+00
1.896078e-01
1.075807e-04
1.188905e+00
1.864972e-02
4.703730e+00
3.698196e-01
2.457881e-01
9.297943e-03
3.360670e-04
2.270045e+01
3.867347e-01
6.339695e-03
4.963656e+00
6.512348e-03
3.318389e-01
1.731273e-01
4.212306e-02
7.328796e-02
3.041769e-03
9.474397e-03
4.080900e-02
8.221189e-02
1.103635e-02
1.327324e-01
2.653303e-04
9.672816e-04
1.318972e-01
1.969635e-02
1.529075e-02
1.937328e-02
1.068666e-01
3.245157e-04
5.955042e-04
7.187557e-04
1.142019e+00
9.240592e-03
2.999781e+00
6.591464e+00
1.738613e-02
1.756394e+03
9.869230e-01
8.761300e+01
7.804504e+02
1.508976e+02
5.757421e-01
2.901670e+00
8.877094e+00
8.595575e-02
1.169806e+04
7.238107e+03
1.617542e-02
2.974456e+03
4.810840e-01
1.650361e+02
2.428700e+01
1.980592e+00
4.356853e-01
4.999059e+01
1.268291e+04
5.641891e+02
5.772955e+03
2.564704e+00
4.815277e+01
1.587973e+02
1.853969e+03
5.801480e+01
3.822037e+00
4.431283e+01
5.581525e+03
1.943664e+03
2.987401e+02
1.660046e+02
4.480226e-02
7.603768e+01
8.486492e-03
1.178440e+02
4.879951e+00
7.757646e-01
8.794439e-03
1.490966e-02
9.477089e-03
8.684803e+01
1.475493e+02
4.335626e+00
1.632283e-03
1.365019e+01
7.407821e+02
7.388330e+00
9.347262e-03
9.964907e-02
2.178263e+00
1.424627e+00
3.033270e+00
5.037733e+00
1.997303e+02
4.875727e+02
6.433989e-02
4.606037e+01
3.500917e+03
1.664611e+01
1.345821e-02
2.420603e+03
2.247985e-02
3.688866e+03
5.761269e-04
4.338159e-03
2.008178e-01
1.792759e+00
5.049804e+01
2.253038e-01
6.955645e-03
2.948385e-02
4.292887e+01
8.357181e-01
1.314387e-02
7.674623e-02
4.295903e+02
2.379128e-02
7.146764e-01
7.835926e-02
2.305456e-03
1.545862e+02
7.678278e-02
2.440867e+01
1.705601e-03
4.195589e+00
2.311591e+01
8.056344e+03
5.637476e+00
2.232033e+02
7.520479e+01
2.187639e+03
8.087232e-03
1.150329e-02
8.437408e+03
5.374579e+03
9.984413e+02
9.407881e+01
1.331847e+03
1.807864e-02
5.668691e+01
8.506879e+01
4.411947e+00
2.230981e-02
4.776960e-04
7.735657e-01
2.674081e-01
8.327223e-01
3.878245e+00
6.352237e+01
1.505572e+01
8.977963e+00
7.130955e-01
2.417977e-01
9.678340e-02
6.311692e-01
3.079317e-01
5.549546e-01
4.665144e-02
6.266279e-01
3.192919e+00
4.384666e+01
2.102199e-01
1.192832e+00
1.005064e+00
7.764290e-02
4.308592e+00
9.194025e-02
1.005524e+01
3.707660e-01
3.426113e-02
1.119895e+01
7.291658e-02
3.863101e-01
1.777318e-01
4.050347e+00
2.304695e+00
7.278428e+00
1.617147e+01
3.260293e+01
1.531663e-01
1.894468e+01
1.658390e+01
9.794147e+00
