1.990634e-01
1.105760e+00
1.377911e+01
1.330301e-01
8.700147e-02
5.108964e+00
4.490841e+00
5.058787e-02
1.498873e+01
9.796461e+01
1.632277e-01
9.181947e-02
5.917670e-01
1.605650e-01
9.036458e-01
2.653144e-01
1.761479e+00
7.197501e-02
2.442954e+00
8.133122e-02
1.216199e-02
3.298630e-01
2.644163e-01
1.314764e-01
1.736371e+01
1.080062e+00
2.636811e-02
1.259831e-01
1.296818e+01
1.049727e-01
2.277087e+01
3.743939e+00
7.464481e+00
1.276437e-01
3.738840e-03
2.437657e+01
1.951353e+00
1.663364e-01
4.137691e-04
7.708558e-01
1.320179e-02
6.954326e+00
4.211008e-01
2.677527e-01
5.412761e-03
7.122039e-04
1.985967e+01
6.363643e-01
3.953487e-03
3.406367e-04
1.722716e-02
3.247663e-01
1.720463e-01
6.005962e-02
1.393459e-01
2.237054e-03
1.581796e-02
7.753316e-02
1.375044e-01
1.506255e-04
1.126577e-01
4.059182e-04
8.662720e-04
7.106377e-02
1.928099e-02
3.245800e-02
2.346913e-02
1.688535e-01
5.846995e-04
1.749111e-03
2.204753e-03
1.912777e+00
9.401519e-03
1.764630e+00
1.149643e+01
2.896005e-03
1.831543e+03
1.371612e+00
1.443054e+04
2.650859e+02
3.157025e+01
1.059019e+00
2.720994e+00
4.829262e+00
8.689309e+04
8.177687e+03
1.134591e+04
4.927478e-03
4.863510e+03
7.215003e-04
1.423300e+02
4.220797e+01
2.700416e+00
6.079962e-01
4.294575e+01
3.862565e+03
5.038906e+02
8.593442e+03
1.941977e+00
3.536797e+01
1.902365e+02
9.859546e-01
6.191803e+01
2.864670e-04
4.774764e+01
1.414256e+03
1.988058e+03
2.709305e+02
1.613821e+02
4.939427e-02
7.758723e+01
1.332967e-02
1.272962e+02
1.711536e+01
3.486057e-01
1.261487e-02
1.499795e-02
3.200961e-03
8.044099e+01
2.892510e+02
5.711810e+01
8.056269e-04
1.272305e+01
4.621062e+02
9.568375e+00
9.367049e-04
5.987251e-02
1.367841e+00
2.349468e+00
3.814012e+00
5.012522e+00
1.826455e+02
5.829835e+02
8.232327e-02
6.423359e+03
1.379194e+04
8.496833e+00
1.196495e-01
3.417026e+03
2.052726e-02
2.689764e+03
4.600951e-04
3.670747e-03
2.944407e-01
1.516406e+00
5.977909e+01
1.479864e-01
6.543632e-03
8.738280e-03
1.951863e+01
7.868144e-01
1.285259e-02
1.678346e-01
1.289119e+02
2.539374e-02
4.840354e-01
4.795649e-02
2.486222e-03
1.339966e+02
1.376669e-01
1.963943e+01
1.767124e-03
6.242679e+00
1.827208e+01
6.982838e+02
2.427886e+00
2.398246e+02
1.119369e+02
2.151455e+03
5.870291e-03
1.324099e-02
8.076696e+03
7.229791e+03
2.220565e+03
1.646063e+02
1.528445e+03
1.714866e-02
4.909677e+01
1.437859e+02
5.490564e+00
2.886895e-02
4.350247e-04
6.966772e-02
2.981621e-01
8.442523e-01
5.034464e+00
5.946590e+01
3.215516e+01
1.023726e+01
7.295282e-01
2.689957e-01
8.311356e-02
4.108919e-01
3.744843e-01
5.236312e-01
2.981030e-02
7.310757e-01
5.565559e+00
5.623262e+01
2.079827e-01
1.453171e+00
1.135469e+00
6.593865e-02
2.408853e+00
1.012172e-01
6.134963e+00
8.762648e-02
2.934578e-02
1.464690e+01
4.266198e-02
3.930102e-01
1.689386e-01
3.245790e+00
2.589495e+00
3.660361e+00
2.104465e+01
4.340512e+01
2.968244e-01
2.548987e+01
2.005702e+01
1.283918e+01
