6.330649e-02
8.711103e-01
1.002736e-02
2.094534e-02
1.245394e+00
1.952818e+01
1.365133e-01
4.582746e+00
1.965097e+00
9.928245e+01
9.407285e-02
1.007879e-01
2.471473e+01
2.239812e+00
5.033014e+00
1.159122e+01
3.951328e+00
6.682216e-01
5.373219e-01
7.640661e+01
5.943613e-01
1.771428e+01
3.739768e+00
3.939210e-02
2.129603e-01
1.303407e-01
4.329348e-01
4.407468e-01
3.709330e+00
1.412210e+00
8.201183e+00
2.771251e+00
1.716314e-03
5.286345e-01
6.269232e+00
2.538095e-02
3.397916e-04
7.044353e-03
2.328308e+00
6.258044e-01
2.573821e-02
2.773811e-01
6.969448e-01
2.931054e+00
7.453439e+01
1.017226e+00
1.484094e-04
6.687014e-03
2.931892e-02
7.734907e+00
1.252693e-02
3.090328e-01
2.741501e-01
4.744455e-03
4.543082e-04
9.757535e-03
3.933555e+00
1.450349e-01
9.170762e-03
3.019821e+00
3.950476e+00
3.860895e-01
1.633529e-03
1.498607e+01
2.366947e+00
1.574608e-03
1.595027e+00
1.569775e-02
4.885176e+00
1.232820e-01
1.639334e-01
3.824756e-02
6.225825e-03
4.349405e-02
6.849213e-01
8.285802e+02
9.551890e-01
3.201397e-03
3.435989e-01
2.811255e+01
3.437937e+00
1.412719e+00
1.403383e+01
2.804624e-01
1.830305e+01
7.697397e+01
1.096318e+03
9.875809e-02
1.264548e+02
7.752920e+03
2.318532e+03
2.122014e+01
3.196997e+01
4.558322e+02
5.571583e+01
4.552648e+01
5.775394e+02
1.255750e+03
7.402592e+00
2.517714e-02
1.872564e+02
8.949835e+01
1.675167e+02
3.624518e+00
2.038812e+02
1.423382e+04
1.586606e+03
2.286944e+03
5.051302e+02
2.126941e-03
1.878981e+02
6.206776e-01
7.966418e+03
6.648141e+04
2.760147e-02
1.517023e+01
8.175967e+04
3.368432e-03
6.651286e-01
9.698130e+00
1.552276e-02
4.116867e+02
2.104561e+03
1.284965e+02
2.227150e+00
3.354107e-01
7.910493e-01
1.879533e+02
1.009795e+01
2.677349e-01
2.327150e+03
1.517360e+03
4.655565e+02
1.745576e+00
3.248485e+02
1.703631e+00
3.731763e+02
8.194066e-03
6.012810e+02
5.994516e+01
1.730778e+02
2.007458e-02
1.304907e-01
2.121626e+02
1.018752e+00
2.950274e+02
2.095314e-02
1.626247e-02
7.198267e-03
1.533125e+00
2.250181e-03
4.428309e-02
5.081668e-02
9.827447e+04
1.873339e-01
2.118827e-02
1.047488e-02
1.507805e+03
4.891356e+01
7.288343e-02
1.227821e+02
2.931528e-02
2.830926e-01
2.474429e+01
4.024988e+02
1.592698e+01
3.596281e-01
4.261917e+01
6.632759e-02
1.756958e-02
2.954822e-03
2.901477e+00
1.182796e-02
1.161193e+02
3.811225e+03
1.207076e+02
2.104012e-02
9.764542e+02
9.432446e-02
6.169828e+01
4.418893e-03
3.303269e-03
3.979613e+01
2.186380e-01
2.979049e-01
7.456543e-01
1.796749e+00
5.103720e+00
2.918068e+00
1.535009e+00
4.043117e+00
3.532219e+01
8.864451e+00
1.450289e-01
2.073676e-01
1.890538e+00
8.803017e-01
9.438860e+00
7.373476e-01
1.486165e+00
1.898608e-01
3.032330e-01
1.712368e+00
2.225277e+00
1.438262e+00
3.789434e+01
3.388966e-01
1.638937e+00
1.120555e-01
5.129763e-01
3.341194e+01
1.752345e-01
1.407141e+00
4.266142e-02
3.877720e+00
4.240076e-01
1.811474e-01
6.195567e-01
2.940134e+01
2.050602e-01
1.807846e+01
