1.757225e-01
1.649959e+00
8.422870e+00
1.178139e-01
8.359780e-02
4.924758e+00
4.260546e+00
5.291259e-02
1.500675e+01
9.551336e+01
1.672101e-01
9.020292e-02
6.406519e-01
1.762290e-01
9.613146e-01
3.049151e-01
2.984656e-02
7.124837e-02
2.117874e+00
7.422295e-02
2.227718e-02
3.400592e-01
2.595526e-01
1.322251e-01
1.720262e+01
1.098261e+00
2.667134e-02
4.261506e-01
1.514514e+01
1.186455e-01
1.583407e+01
3.768849e+00
7.317874e+00
1.185789e-01
1.924378e-03
2.357624e+01
1.949543e+00
3.723876e-04
5.117090e-04
7.379935e-01
3.831876e-03
8.959017e+00
3.502008e-01
2.632683e-01
7.603908e-03
4.336017e-04
1.770723e+01
6.547319e-01
4.202642e-03
3.515728e-04
1.638417e-02
4.626536e-01
1.787135e-01
5.110359e-02
1.483097e-01
2.480475e-03
1.440731e-02
8.881690e-02
1.441667e-01
9.061655e-03
9.509534e-02
7.247289e-04
1.445781e-03
4.268663e-02
9.106324e-03
2.453078e-02
2.443838e-02
9.144308e-02
3.714081e-04
1.766026e-03
3.616393e-03
1.443549e+00
7.550020e-03
1.700596e+00
1.350764e+01
2.848315e-03
8.650439e+04
1.351955e+00
1.825770e+04
1.999614e+02
1.183010e+01
1.717937e+00
2.604443e+00
7.060698e+00
2.855924e+04
8.504949e+03
1.023196e+04
6.443203e-03
5.184536e+03
8.006351e-04
1.633456e+02
4.246607e+01
2.724341e+00
6.737839e-01
3.320339e+01
3.789531e+03
4.778476e+02
8.426491e+03
1.815567e+00
5.751322e+01
1.966246e+02
9.431992e-01
5.841404e+01
1.073950e-03
4.540757e+01
1.369407e+03
2.388280e+03
2.741007e+02
1.757639e+02
4.401107e-02
9.807681e+01
1.598511e-02
3.133194e-04
9.570945e+00
2.391848e-01
1.181008e-02
1.588099e-02
4.647553e-03
6.670146e+01
3.129076e+02
5.479801e+01
8.473960e-04
1.249771e+01
5.977351e+02
1.193754e+01
1.168538e-03
6.698293e-02
1.426337e+00
2.558082e+00
4.229504e+00
5.250756e+00
2.227583e+02
4.834120e+02
3.066021e-01
4.875330e+03
1.379959e+04
8.201580e+00
1.178032e-01
2.999792e+03
2.207256e-02
2.462854e+03
4.723115e-04
3.379732e-03
2.296464e-01
3.008983e+00
5.135070e+01
1.885171e-01
6.932904e-03
8.620651e-03
1.796059e+01
9.744822e-01
1.101321e-02
1.907025e-01
1.121947e+02
2.436800e-02
3.861923e-01
3.930389e-02
3.791912e-03
1.237679e+02
3.712460e-02
1.905997e+01
1.715337e-03
6.369284e+00
2.003471e+01
9.077290e+02
3.987296e+00
2.304469e+02
1.059373e+02
2.057754e+03
2.430062e-03
1.066707e-02
5.492600e+03
6.844088e+03
2.406311e+03
8.743001e+01
3.934892e+02
2.660700e-02
5.115731e+01
1.191608e+02
5.425578e+00
2.487099e-02
4.601105e-04
7.140657e-02
2.864524e-01
5.571974e-01
4.871409e+00
9.347440e+01
1.274329e+01
1.051134e+01
8.140694e-01
1.369044e-01
2.627944e-02
3.582393e-01
1.691868e-02
4.679023e-01
3.000189e-02
7.517240e-01
6.508660e+00
5.535992e+01
2.149082e-01
1.374595e+00
1.345435e+00
5.926470e-02
2.923850e+00
9.245135e-02
6.620694e+00
1.866283e-02
2.523660e-02
4.771305e+01
3.970044e-02
3.393820e-01
1.769046e-01
2.911134e+00
2.220820e+00
3.360190e+00
2.493503e+01
6.081377e+01
2.775966e-01
2.498270e+01
1.907024e+01
1.412087e+01
