8.303055e-02
2.663600e+00
6.129923e+01
1.059860e-01
2.647432e+00
3.421215e+00
1.156945e-02
3.452608e+01
9.296102e-01
4.309727e+01
4.919646e-02
2.092941e-02
1.803902e-01
7.791471e+00
1.119018e+01
2.189301e-01
7.575720e+00
1.835582e+01
1.119826e+00
4.997447e+01
2.695699e+01
1.134281e+00
7.469320e+01
1.056269e-01
1.090126e+00
1.820040e+00
8.159871e-02
3.579393e-02
5.222780e-01
1.541639e+01
5.345928e-03
3.068687e+00
3.043932e-04
2.383414e-02
1.249274e+00
7.642838e-01
7.797639e-04
2.060141e-02
1.968207e-01
7.368752e+01
1.000310e-01
6.741165e+00
3.589726e-01
9.277899e-03
7.926102e-03
8.685551e+01
2.157220e+01
1.055433e-04
2.343008e-03
2.914058e+00
4.671084e-04
3.928665e-01
1.010178e-01
5.660105e-02
7.472935e-04
6.637778e-03
1.151259e-03
3.918064e-01
4.620095e-03
4.425772e-02
1.263997e-01
3.245991e-04
1.691045e-04
3.191881e-02
3.317882e+00
5.031045e-03
1.032703e-04
3.348550e-02
1.274763e-03
1.318235e+01
6.741915e-02
4.808000e+01
5.039200e+01
1.279771e-02
9.843254e-01
5.167672e+01
2.622978e-04
5.696317e-03
1.722854e+01
3.122399e-04
1.229005e+00
2.923826e+01
1.383068e-03
4.538955e-04
7.365228e+02
2.164938e+03
1.050117e+03
5.966590e-03
3.114582e+00
2.302031e-03
1.518734e+03
9.342913e+01
1.118734e+01
4.060403e+03
3.442375e+03
2.223997e+02
1.297326e+02
3.067281e+03
2.976869e+03
1.319026e+00
7.489871e+01
2.688875e+01
1.483875e+02
4.109416e+04
1.844358e+03
5.421772e+04
1.083905e+00
7.301863e+01
5.364587e+02
8.513625e-02
5.447880e+03
2.635691e+00
1.102536e+02
1.055468e+02
1.207021e-02
9.570572e+03
6.469544e+04
4.388855e-04
5.306590e-02
4.852503e+02
1.196960e-04
2.126183e+03
2.785967e+00
3.467202e+02
1.796620e+01
1.109202e+04
3.290100e-01
7.522183e+02
2.503324e+00
4.587451e-02
7.056554e+00
1.422883e+03
1.772011e+03
6.702450e-02
4.757042e+02
4.005103e+00
2.632067e+00
7.950414e-02
2.609539e+03
1.370085e+02
3.149809e+03
9.563926e-02
6.733616e-02
2.196579e-02
1.636576e+01
2.014747e+04
2.549107e-01
1.050061e-02
7.680111e-03
1.034789e+01
2.454269e-04
1.132807e-04
4.267714e-01
2.013146e+02
2.559368e+00
6.010212e-01
1.297780e-02
4.181340e+04
3.820434e-04
2.199458e+02
9.285725e+01
1.978266e-03
3.627494e+00
1.319105e+02
4.326039e+02
2.256345e+00
4.062961e-03
4.163797e+03
4.997246e+01
6.565968e-04
4.572252e-01
3.754217e+04
9.848166e+03
2.893897e+03
8.542783e+02
6.641807e+01
1.772191e-01
1.320850e+03
1.427920e-01
3.061348e+02
2.772211e-02
5.624066e-03
1.069081e+01
3.343668e-01
6.000462e-01
1.269991e-02
4.248442e+01
5.844951e+00
4.091828e+00
7.195735e+00
4.619480e-01
6.343582e+01
5.517485e+01
8.296495e-01
2.969615e-01
3.113992e+01
4.372187e-01
2.927965e+01
8.481630e+01
1.256784e-01
2.105247e-01
9.912731e-02
3.260300e-01
1.657985e+00
1.385946e+00
4.203081e+01
6.111356e-02
8.717783e+00
6.594913e+01
7.421692e-02
1.962991e+00
2.861106e+01
1.684461e+01
2.221619e+01
5.182903e-01
1.824830e+01
1.266625e-01
2.735852e-02
7.060315e+01
9.623607e+01
1.347169e+01
