5.525901e-02
1.518036e+00
1.003016e-02
2.533349e-02
1.193955e+00
1.874381e+01
1.327914e-01
4.399867e+00
1.974344e+00
6.293068e+01
9.576595e-02
9.371685e-02
2.444019e+01
2.476445e+00
5.709633e+00
1.153440e+01
3.732916e+00
6.460816e-01
5.372931e-01
2.158825e+01
5.855088e-01
1.900000e+01
3.765627e+00
3.994060e-02
2.151320e-01
1.264561e-01
3.777136e-01
4.770400e-01
3.581679e+00
1.450772e+00
9.119556e+00
2.746275e+00
1.844034e-03
4.849829e-01
3.701253e+00
1.096405e-01
3.225502e-04
6.972993e-03
2.266421e+00
5.101589e-01
2.605482e-02
2.118067e-01
7.237592e-01
3.266340e+00
7.477607e+01
1.177030e+00
1.521141e-04
7.539728e-03
3.819444e-02
8.314814e+00
1.306119e-02
3.088914e-01
2.911215e-01
4.799491e-03
4.458438e-04
1.031867e-02
5.315584e+00
1.454419e-01
9.111421e-03
3.234174e+00
2.939595e+00
3.817791e-01
1.382658e-03
1.241003e+01
2.442982e+00
1.557913e-03
1.201696e+00
1.600876e-02
4.395417e+00
1.257609e-01
1.660623e-01
3.726590e-02
7.889320e-03
4.383612e-02
6.974426e-01
8.353436e+02
9.525858e-01
3.695918e-03
3.929122e-01
2.902355e+01
3.210274e+00
1.407473e+00
1.406435e+01
2.487323e-01
1.816405e+01
6.209375e+01
1.181647e+03
1.057320e-01
1.218500e+02
6.348671e+03
4.939308e+03
2.196640e+01
3.316897e+01
4.819032e+02
5.576103e+01
5.083236e+01
5.926784e+02
1.299861e+03
7.440760e+00
2.742767e-02
2.023969e+02
2.372919e+02
1.624277e+02
3.906015e+00
2.006009e+02
1.511291e+04
1.036702e+02
2.273135e+03
5.148164e+02
2.037176e-03
2.215386e+02
6.668455e-01
7.444064e+03
7.025138e+04
2.706344e-02
1.720169e+01
4.410508e+04
3.655049e-03
1.152013e+00
1.145285e+01
1.333414e-02
4.137786e+02
2.640851e+03
1.398511e+02
2.225773e+00
3.567604e-01
7.394146e-01
1.893719e+02
1.021959e+01
1.701712e-01
3.230009e+03
2.798776e+03
4.724949e+02
1.705145e+00
3.284095e+02
1.746247e+00
3.752114e+02
7.889418e-03
5.840818e+02
5.963076e+01
1.888110e+02
2.072854e-02
1.172919e-01
2.104594e+02
1.004566e+00
2.982281e+02
1.921528e-02
1.666781e-02
7.114967e-03
3.753487e+00
2.558058e-03
4.413145e-02
4.962724e-02
9.301800e+04
2.392900e-01
2.082821e-02
9.682918e-03
1.431941e+03
5.356800e+01
5.233403e-02
7.498961e+02
4.012062e+00
2.937013e-01
2.511150e+01
6.200415e+02
1.579128e+01
3.570726e-01
4.019757e+01
7.307747e-02
1.422047e-02
2.849912e-03
2.909404e+00
1.154996e-02
2.110884e+02
2.187581e+03
1.211230e+02
9.202234e-03
9.592190e+02
9.373068e-02
6.305805e+01
4.587322e-03
3.300935e-03
3.471240e+01
1.837453e-01
2.880706e-01
7.422891e-01
1.782301e+00
5.226303e+00
3.051442e+00
1.575253e+00
4.514638e+00
3.238193e+01
8.613707e+00
1.358516e-01
2.735329e-01
1.873058e+00
9.033142e-01
6.935532e+00
7.522969e-01
1.434228e+00
1.906022e-01
3.407271e-01
1.753098e+00
1.805913e+00
1.486032e+00
3.686391e+01
2.820585e-01
1.556043e+00
1.119353e-01
5.725125e-01
3.473414e+01
1.602820e-01
1.438172e+00
4.058086e-02
3.869581e+00
4.193116e-01
1.729300e-01
5.905861e-01
1.528516e+01
2.039217e-01
1.730010e+01
