1.695572e-01
9.946038e-01
1.318693e+01
1.494915e-01
1.105156e-01
4.819706e+00
4.337186e+00
3.456679e-02
9.797277e+00
2.838510e-02
1.621585e-01
8.435213e-02
5.037460e-01
2.069067e-01
9.366236e-01
2.359964e-01
1.602221e+00
6.757443e-02
7.220011e-01
7.123692e-02
9.304604e+01
5.151739e-01
2.677381e-01
1.817867e-01
1.289371e+01
8.374091e-01
3.190564e-02
1.270576e-01
1.324170e+01
9.830503e-02
4.562899e-01
4.407813e+00
8.091289e+00
1.282547e-01
9.848133e-03
9.385596e-03
3.039907e+00
1.733737e-01
2.508035e-04
8.544602e-01
1.760340e-02
5.402567e+00
3.719254e-01
2.386343e-01
9.324326e-03
4.650434e-04
2.605388e+01
3.562698e-01
6.122680e-03
4.682594e+00
6.793052e-03
3.382548e-01
1.671007e-01
4.262834e-02
7.201383e-02
2.825116e-03
1.721744e-02
4.475453e-02
1.015326e-01
1.062550e-02
1.374375e-01
2.993117e-04
9.376685e-04
1.402161e-01
1.960089e-02
1.681947e-02
1.983470e-02
1.090302e-01
3.051067e-04
6.159991e-04
6.885917e-04
1.145087e+00
9.189853e-03
2.319040e+00
1.411457e+01
1.701261e-02
1.289374e+03
1.119733e+00
4.248340e+04
6.921524e+02
1.747634e+02
5.872784e-01
2.863641e+00
8.400703e+00
9.892968e-02
2.120049e+04
7.034497e+03
1.597336e-02
3.225214e+03
4.879720e-01
1.604022e+02
2.594812e+01
2.113074e+00
4.545268e-01
5.958729e+01
1.481817e+04
5.215720e+02
6.341369e+03
2.590252e+00
3.644712e+01
1.564017e+02
2.013910e+03
5.755674e+01
7.090108e+00
4.385740e+01
4.920988e+03
2.117491e+03
3.276348e+02
1.695944e+02
4.995023e-02
7.831904e+01
8.099936e-03
1.253971e+02
4.449470e+00
3.921195e-01
6.193135e-03
1.512438e-02
3.232666e-03
8.991375e+01
1.443568e+02
4.629485e+00
2.096988e-03
1.483725e+01
9.122482e+02
7.090041e+00
8.184953e-03
9.732421e-02
2.270711e+00
1.069775e+00
2.907671e+00
5.084425e+00
1.940236e+02
4.825407e+02
6.120169e-02
4.631551e+01
4.916097e+03
1.603890e+01
1.893116e-02
2.490126e+03
1.796970e-02
3.813153e+03
5.504848e-04
4.411420e-03
1.988729e-01
1.771011e+00
5.014783e+01
2.122078e-01
6.603072e-03
2.001313e-02
4.224183e+01
9.907752e-01
1.285101e-02
1.361240e-01
1.758586e+02
2.646523e-02
6.264715e-01
6.457051e-02
2.219614e-03
2.002873e+02
7.176685e-02
2.827798e+01
1.521092e-03
4.325625e+00
2.289110e+01
6.570227e+03
5.118697e+00
2.648071e+02
8.370757e+01
2.239238e+03
9.257696e-03
1.205889e-02
8.393339e+03
5.514083e+03
1.005949e+03
9.796688e+01
1.484248e+03
2.010280e-02
5.735418e+01
9.037919e+01
4.276017e+00
2.425874e-02
4.692860e-04
7.714811e-01
2.662791e-01
1.536429e+00
4.650906e+00
6.221730e+01
1.609321e+01
9.007529e+00
7.479675e-01
2.404001e-01
9.227607e-02
6.036276e-01
3.141206e-01
5.855467e-01
4.709831e-02
6.244561e-01
3.012645e+00
4.499101e+01
2.116561e-01
1.204455e+00
1.009995e+00
7.536383e-02
4.336025e+00
9.681611e-02
9.964475e+00
3.706241e-01
3.453109e-02
1.125665e+01
7.821794e-02
3.962262e-01
1.690079e-01
4.245204e+00
2.339730e+00
7.244932e+00
1.621080e+01
3.834428e+01
2.870464e-01
1.905690e+01
1.353461e+01
1.022720e+01
