6.670222e-01
3.153446e-01
4.073015e-01
9.198929e-02
6.206862e+00
1.559925e+01
1.636761e+00
1.462491e-01
6.114363e+01
2.321817e-01
3.642126e-01
2.102478e-01
6.177042e-02
1.700649e-01
2.807640e+00
3.513329e+01
3.317621e+01
2.475239e+01
1.838727e-02
2.705618e+00
3.086169e+00
2.446750e-02
1.157808e-01
2.488880e+00
1.367688e-01
7.321430e-01
1.302539e+00
1.467041e+01
1.993398e+00
1.783350e+00
1.351204e-03
9.002735e+00
1.068652e-02
7.488181e-01
4.369645e-02
2.932548e+00
1.644663e-01
6.728574e-01
3.911381e-01
1.092189e-02
3.337123e-04
1.511040e-03
1.688958e-03
2.917069e+00
1.067080e+00
7.702009e-02
8.293323e-03
6.468374e-03
3.304108e-03
1.656545e-02
6.701108e+00
1.385926e-02
1.866971e-01
3.588371e-01
5.244535e-03
2.913543e-01
6.665123e-03
3.094570e-02
1.795096e+01
3.830160e-01
4.145128e-04
1.402943e-01
3.813082e-02
3.194914e-02
5.779272e-01
3.140356e-01
2.241579e-04
1.974426e-02
3.541074e-02
1.765026e+00
3.515310e+01
1.225100e+01
1.523325e-02
2.083858e+00
2.742681e+01
1.597741e+04
3.237582e+01
2.542275e+01
7.543925e-03
8.226993e-01
3.894738e-01
2.716165e+00
2.560817e-02
2.530610e-02
1.930027e-03
1.241518e-02
2.522773e-02
4.036449e+01
9.744949e+01
5.050495e+01
1.323550e+02
1.498074e+03
7.895061e+02
2.531455e+02
2.087848e+02
8.315570e+03
6.593342e+03
1.214721e+03
5.984653e+01
7.033414e+01
4.563557e+00
1.456408e+01
1.811956e+02
4.069678e+02
2.523006e+01
5.531105e+00
1.608966e+01
1.786199e+04
9.790203e+01
9.123892e+02
4.263324e+03
5.929892e+03
5.790931e-02
8.137736e-03
8.264975e+00
1.261259e-02
2.821764e-04
4.607400e-01
1.547737e-02
7.158419e+01
9.059606e+00
9.594923e+00
9.866494e+01
1.539021e+02
3.439572e+01
7.706052e-03
4.887722e+00
1.602187e+02
9.490594e+02
1.564439e-03
3.193841e+02
1.694805e+03
5.198334e+02
1.110242e+00
9.200122e+00
9.756217e-03
1.596600e+02
2.151610e+02
5.340772e+02
5.054493e-02
2.053808e+02
1.095892e-01
4.607070e-02
1.978250e+02
2.807172e+03
2.300159e+01
2.602321e+02
9.102564e-01
9.503512e+03
3.502528e+01
1.879754e-03
6.023761e-03
2.996738e-03
9.133342e+03
2.230605e+03
2.701419e+02
3.353389e+00
1.190635e+02
2.928523e+03
2.997782e-04
2.992373e-01
8.019817e+01
6.347294e-03
2.456852e+01
4.729838e-03
1.210541e+03
5.898028e+04
8.975762e+00
1.006394e+03
2.100761e+00
7.196363e-04
5.457843e-01
1.298275e-02
5.088798e+01
1.339769e-01
9.139633e+00
2.492425e-02
4.772674e+01
1.533842e+03
8.632655e+00
6.514877e-03
1.098220e-03
2.053823e+00
1.074454e+01
3.563556e-01
1.889080e-01
3.140432e-01
2.041638e+00
6.888326e-01
1.695749e-01
1.015338e+01
1.651616e+01
1.191850e+00
2.200023e-01
3.479916e+00
6.141771e-01
1.721422e+00
4.344206e-01
8.665427e-01
3.647263e+00
5.528265e-02
4.832661e+01
7.666837e-01
1.098118e+00
4.166884e-01
1.103915e+00
2.083429e-01
7.973427e-01
1.813867e+00
9.528433e+01
4.081240e-02
1.265596e-01
4.594833e-02
4.936577e-02
9.019510e-02
3.775809e-01
6.384715e+00
9.061996e-02
9.230896e-02
2.788967e-02
1.302749e+00
