4.307633e-01
3.086285e-01
4.124996e-01
9.412758e-02
6.331005e+00
1.565274e+01
1.608377e+00
1.411701e-01
4.143119e+01
2.323305e-01
3.670737e-01
1.980737e-01
6.174431e-02
1.694243e-01
2.856665e+00
3.212274e+01
3.471041e+01
2.446125e+01
1.707833e-02
2.697680e+00
2.931090e+00
2.328567e-02
1.166400e-01
2.110452e+00
1.394913e-01
7.324929e-01
1.302815e+00
1.630647e+01
2.014124e-01
1.803916e+00
1.395449e-03
8.866449e+00
1.054652e-02
7.275580e-01
5.075437e-02
2.978562e+00
1.562415e-01
1.690201e-01
3.868138e-01
1.263561e-02
2.644370e-04
1.497825e-03
1.710330e-03
2.923069e+00
1.052649e+00
1.289901e-01
8.316376e-03
6.431485e-03
3.301837e-03
1.428162e-02
6.859730e+00
2.911607e-02
2.138261e-01
3.879561e-01
4.994581e-03
2.755048e-01
6.822139e-03
3.211258e-02
1.846767e+01
3.731002e-01
4.071456e-04
1.355568e-01
2.942700e-02
3.164397e-02
6.038232e-01
3.455605e-01
2.240763e-04
1.997012e-02
3.584226e-02
1.787753e+00
3.510325e+01
1.148950e+01
1.152262e-02
2.101959e+00
1.747425e+01
1.437687e+04
3.868093e+01
2.484246e+01
7.614112e-03
4.584987e-01
4.876020e-01
2.698484e+00
2.032162e-02
2.680691e-02
2.383595e-03
1.259329e-02
2.749928e-02
3.959718e+01
9.393083e+01
5.255074e+01
1.331121e+02
1.563775e+03
1.259171e+03
2.485864e+02
3.282806e+02
4.378705e+03
6.788374e+03
1.238672e+03
5.758344e+01
6.839793e+01
3.847321e+00
1.333899e+01
1.735685e+02
4.093323e+02
2.493366e+01
5.127285e+00
1.602961e+01
1.774857e+04
9.653662e+01
8.870322e+02
4.263296e+03
6.247542e+03
2.540741e-02
7.888491e-03
8.055101e+00
1.122867e-02
2.699673e-04
4.634839e-01
1.063433e-02
7.178743e+01
9.052124e+00
9.677116e+00
8.896313e+01
1.449459e+02
1.591857e+01
8.717318e-03
4.871027e+00
1.457029e+02
9.380980e+02
1.459804e-03
3.179206e+02
3.978114e+03
4.646159e+02
2.241079e+00
9.076393e+00
9.524100e-03
1.607515e+02
2.110450e+02
5.467679e+02
5.115251e-02
2.067406e+02
1.095672e-01
4.650288e-02
2.018604e+02
2.831785e+03
2.411775e+01
2.567856e+02
9.370511e-01
7.782168e+03
3.373663e+01
1.880840e-03
5.894876e-03
3.000751e-03
2.667062e+03
1.992461e+03
2.753347e+02
3.301299e-01
1.169356e+02
2.963131e+03
3.313218e-04
3.245480e-01
1.390387e+02
5.777535e-03
2.487307e+01
4.735465e-03
1.232771e+03
5.487827e+04
8.934341e+00
9.355911e+02
2.029899e+00
6.772630e-04
5.457991e-01
1.279772e-02
5.612605e+01
1.322325e-01
9.313098e+00
1.331142e-02
4.814126e+01
1.729244e+03
8.898152e+00
6.614297e-03
1.143623e-03
2.028789e+00
1.073859e+01
3.808605e-01
2.705013e-01
3.111425e-01
2.364342e+00
6.913763e-01
1.668561e-01
9.837791e+00
1.663345e+01
1.189931e+00
2.173677e-01
3.341327e+00
6.163953e-01
1.818515e+00
4.391721e-01
8.514897e-01
3.702074e+00
5.434820e-02
9.823746e+01
4.624457e-01
8.538610e-01
4.024747e-01
1.104862e+00
4.676048e-01
7.966717e-01
1.805768e+00
9.597738e+01
4.099089e-02
1.248003e-01
4.649382e-02
4.832543e-02
8.971946e-02
3.808134e-01
7.642938e+00
1.868969e+00
9.218982e-02
2.780488e-02
1.306496e+00
