8.063810e+00
5.324356e-01
2.056635e+00
1.092135e-01
3.316404e+00
4.874465e-01
2.736222e-02
7.373111e+01
3.009377e-02
2.322217e+01
2.227670e-02
1.145947e-02
1.504719e-01
2.844133e-02
1.806572e+00
2.548476e-02
2.204988e-01
1.049206e-01
6.909764e-01
2.268033e+01
2.721312e+01
1.148054e+00
5.223013e+00
1.244947e+01
3.214021e-02
6.473191e+01
1.119144e-01
1.484975e-01
1.728414e+01
7.587582e+01
1.058374e-03
1.786743e+01
2.564508e-02
1.705979e-01
2.721476e-03
2.931882e-03
3.264557e-03
4.566677e-04
6.086405e-03
3.884904e-01
2.297132e+00
8.533491e+00
1.825786e+00
4.609869e-01
1.321057e-01
9.929771e+01
6.924635e+00
1.430304e+00
1.369039e+01
1.120729e-02
2.696916e-04
5.709399e-03
5.920263e-03
8.288851e+00
7.206694e-02
2.407215e-04
6.159144e-01
4.074661e-04
4.922258e+00
2.330623e-01
1.344221e-03
9.143594e-04
1.043886e+01
6.044850e-02
1.212969e-03
1.968119e-01
1.778741e-02
1.492961e+00
2.941794e-04
8.625488e-03
1.857938e-02
5.783223e-02
1.511516e+01
1.725651e+00
3.846139e+02
5.393448e-03
8.938737e+02
2.119384e-02
1.811160e+01
7.139673e+04
8.717507e+03
5.379079e-03
2.089814e+04
8.084016e+00
5.844622e+04
1.261915e-03
3.724504e+02
6.929590e+03
1.304041e+00
5.945564e-02
3.681503e+00
1.189712e+01
7.966684e+03
1.314932e-03
1.480099e+00
3.373034e+04
1.474833e+00
4.090696e-04
9.758808e+01
4.036288e+00
1.521169e+02
7.155101e-04
3.497886e+02
1.271907e+00
2.788608e+03
2.582960e-01
2.485859e+02
1.218285e+04
2.123607e+00
9.010035e-02
5.118535e+02
1.685793e-02
1.947592e-04
1.588019e-03
5.202703e-04
2.202251e-03
6.024763e-02
7.878796e-04
4.793450e-04
5.007907e+03
8.343725e+01
2.367375e-01
2.871723e-02
2.978843e+02
3.179047e+00
6.350418e-01
3.104235e-02
1.985905e+01
1.225103e+00
1.388395e-04
2.855814e+00
2.376226e-04
1.490832e+03
2.387614e-02
4.239859e+02
5.934592e-04
2.125903e+01
4.710561e+02
6.046873e+02
3.561051e-01
9.197924e+03
1.128679e-04
3.651268e-03
4.158843e+02
1.010391e+03
5.511065e-03
3.670482e+02
1.511058e-04
3.420547e-02
2.997943e+03
5.048594e-02
5.969478e-04
7.081065e+04
4.100529e+04
4.997740e+03
5.640187e-03
2.946359e+00
1.256947e+03
5.838914e+00
8.861412e+02
1.391287e-02
5.111591e+01
3.870312e+03
3.192379e+01
3.020284e+01
2.204396e+03
2.702361e-01
1.690166e+02
2.081418e+04
2.073811e-03
1.409490e-01
3.075973e+00
1.718911e+01
2.389885e+00
7.013877e-01
7.181014e+01
4.482621e-02
1.078209e+00
2.327984e-01
1.000785e+03
1.014704e-04
1.066384e-02
1.659082e-02
1.027409e-02
1.364849e+01
2.157542e+00
1.605759e+01
3.815309e+01
2.608893e-01
8.515930e+01
3.546107e-02
2.792052e+00
5.896079e+01
4.260630e-01
3.321976e+01
1.100163e+00
3.733452e-02
1.138876e+00
3.037841e+00
6.481770e-02
3.983263e+00
1.692893e+00
1.608363e+01
5.073870e+00
1.754368e-01
1.137578e+01
3.073284e+01
3.272491e-02
7.155398e-02
3.384611e+01
6.633765e-02
2.972560e+00
7.534634e+01
2.218637e+01
3.842599e+00
4.047601e+00
4.814251e-01
1.058867e-02
2.080573e+01
5.744382e-01
7.384777e+02
