6.610979e-01
3.009882e-01
4.062530e-01
9.547660e-02
6.010141e+00
1.150074e+01
1.630852e+00
1.370462e-01
2.498018e+01
2.414357e-01
3.610799e-01
1.797463e-01
3.988781e-02
1.741882e-01
2.771371e+00
3.474740e+01
3.255065e+01
2.587482e+01
1.802166e-02
2.780496e+00
3.144282e+00
2.996072e-02
1.187794e-01
2.474547e+00
1.358471e-01
7.131269e-01
1.289494e+00
1.446684e+01
2.048216e+00
1.810285e+00
9.746634e-04
9.127374e+00
1.078806e-02
7.430748e-01
4.134151e-02
2.956819e+00
1.637795e-01
6.746841e-01
3.912968e-01
1.166502e-02
3.554414e-04
1.398614e-03
1.653285e-03
2.883747e+00
1.080345e+00
5.838700e-02
8.620812e-03
6.417765e-03
3.292961e-03
8.378774e-02
6.896650e+00
1.480421e-02
1.837573e-01
3.670940e-01
5.124416e-03
2.918396e-01
6.590763e-03
3.056423e-02
1.829291e+01
3.688451e-01
2.903465e-04
1.415844e-01
3.831600e-02
3.052104e-02
5.827156e-01
3.148529e-01
2.077391e-03
1.966013e-02
4.197378e-02
1.916983e+00
2.937998e+01
1.229062e+01
1.549241e-02
2.318173e+00
2.668950e+01
1.593899e+04
2.670088e+01
2.464127e+01
8.186054e-03
8.660396e-01
3.933010e-01
2.787893e+00
2.613995e-02
2.513506e-02
2.677901e-03
1.133160e-02
2.167251e-02
3.133759e+01
9.396640e+01
4.961317e+01
1.322889e+02
1.451664e+03
7.714426e+02
2.464015e+02
2.093161e+02
9.003113e+03
7.629064e+03
1.164627e+03
5.218272e+01
7.247683e+01
4.533540e+00
1.319939e+01
1.798578e+02
3.872885e+02
2.530389e+01
5.655376e+00
1.599259e+01
1.790565e+04
1.003376e+02
8.947740e+02
4.425214e+03
6.176126e+03
5.984439e-02
8.422487e-03
6.809213e+00
1.576991e-02
2.741193e-04
4.637806e-01
1.495778e-02
8.120089e+01
9.237516e+00
9.539298e+00
9.928990e+01
1.634465e+02
3.568841e+01
7.371895e-03
5.186345e+00
1.543793e+02
8.622279e+02
1.575501e-03
3.161701e+02
1.673589e+03
5.275973e+02
1.180161e+00
9.208744e+00
9.686197e-03
1.602471e+02
2.088287e+02
5.008343e+02
5.097401e-02
2.038562e+02
1.087184e-01
4.044003e-02
2.002443e+02
2.844681e+03
2.241560e+01
2.684310e+02
9.487984e-01
9.195708e+03
3.545788e+01
1.880920e-03
6.043491e-03
2.962931e-03
7.630462e+03
2.381672e+03
3.094818e+02
3.421046e+00
1.210645e+02
3.049126e+03
1.415875e-04
2.825282e-01
8.036969e+01
6.454612e-03
2.453558e+01
4.570249e-03
1.201477e+03
3.551639e+04
9.076793e+00
1.028677e+03
1.931132e+00
7.142511e-04
5.427186e-01
1.412921e-02
5.213609e+01
1.562200e-01
8.973677e+00
2.395402e-02
4.731468e+01
1.531396e+03
8.918514e+00
6.416539e-03
1.064320e-03
2.253990e+00
1.082994e+01
3.116467e-01
1.824993e-01
3.305405e-01
1.997519e+00
6.739969e-01
1.666829e-01
1.008236e+01
1.487536e+01
1.207332e+00
2.201759e-01
4.233071e+00
6.087767e-01
1.759176e+00
4.209577e-01
8.967674e-01
3.662614e+00
5.537549e-02
4.543135e+01
7.657113e-01
1.103821e+00
4.486701e-01
1.032508e+00
2.076167e-01
7.769597e-01
1.824129e+00
9.569210e+01
4.147903e-02
1.253422e-01
4.427278e-02
4.870804e-02
8.743830e-02
3.805616e-01
6.446424e+00
8.627118e-02
9.391329e-02
3.033121e-02
1.401340e+00
