4.309404e+00
5.532770e+01
2.782523e-02
1.752912e+00
2.411845e-02
1.590383e+01
8.422634e-02
3.028843e-01
5.770031e-01
9.751447e+01
8.669465e-02
8.587778e-02
7.006361e-01
3.424722e+00
1.011155e+00
2.875153e+01
2.524903e+00
5.046304e-01
8.473460e-01
6.397843e-02
2.774386e+00
2.600913e-01
1.132557e+00
8.676072e-02
2.386248e+00
6.824570e+01
2.410867e+01
1.262096e+01
2.562917e+00
7.643061e-02
1.908695e-01
8.535228e-03
2.770224e-02
1.282670e-02
1.114332e+00
1.027684e-03
1.307173e-03
1.500736e-03
6.433927e-03
6.832449e-02
1.171184e+00
3.617075e-02
1.745022e-02
2.610432e-01
1.096862e-01
1.920736e-02
4.600294e+00
3.283336e-01
1.575794e-03
1.091029e-01
2.515273e-01
5.254678e-04
5.529334e+00
1.380944e+00
7.158963e-01
8.483887e-02
1.642639e+00
7.508115e-03
1.756826e-02
5.015326e-02
3.472408e-02
4.013722e+00
8.656875e-03
3.597766e-03
5.047279e+00
4.802313e-04
2.443296e-03
1.740549e-01
2.565357e-03
4.151420e-01
3.534112e-01
4.310998e+00
8.020556e-02
8.394077e-02
4.792607e+02
3.449229e+00
5.047745e+01
4.238054e+01
4.290928e+03
2.367940e-03
2.027764e+01
2.494188e+00
3.826371e+04
1.048881e+04
5.143813e-02
7.052167e+01
1.276772e+01
3.815161e+01
1.034892e+03
1.025521e+01
1.688655e+01
1.214375e+03
2.612774e+00
5.211539e-03
2.741183e+02
4.004221e+00
8.736589e+02
4.816410e+03
1.638024e+01
2.203815e+02
3.014879e+02
4.749783e-02
5.767477e+01
6.383728e-02
1.717595e+01
4.665055e+02
1.079777e+02
2.427375e-02
1.242927e+02
7.520295e-01
4.790541e+03
4.665398e+04
3.495847e-01
7.647387e-02
1.030764e+00
5.013541e+03
2.747924e+03
7.170356e-04
2.065251e+00
1.298545e+01
3.352543e+02
5.032139e+01
3.186187e+01
1.323992e+01
3.019041e+02
1.490425e-01
4.433763e+00
7.439746e-01
8.813632e+02
4.238364e-01
6.200334e+00
1.702996e+00
3.841745e+02
1.772152e+00
5.130089e+02
9.547259e-03
3.199647e+02
1.635246e+03
4.668945e+02
3.183963e+02
2.288974e+01
1.569196e-02
3.088217e-03
4.099825e+01
6.145555e+01
2.737490e+03
1.638016e+02
2.154615e-02
1.802677e+01
1.346580e+01
1.503071e-01
3.388596e-04
4.096131e-04
7.921982e+02
2.380332e+02
5.535686e+00
1.812397e+00
9.320403e+03
4.013014e+01
2.751253e-03
2.586832e+02
1.329121e-01
1.081800e+03
8.569758e+01
3.862150e-01
6.670955e+02
5.592695e-03
3.076208e+02
4.451797e+01
7.607954e+03
2.746576e-01
1.334273e-01
1.906963e-02
1.270670e+01
1.868621e+00
5.792546e+00
2.800725e+03
2.708240e+02
4.878064e+01
1.784359e+00
4.955840e-04
6.500630e-03
3.938165e+00
1.668282e-01
5.481446e-01
1.290970e+01
2.233807e+01
2.584354e+01
3.051926e+00
4.625230e-01
1.563563e-01
5.052518e-01
7.382924e-01
3.157723e-01
3.307287e+01
9.398026e-02
4.515266e-01
3.050836e-01
1.941361e-02
5.620386e+00
8.566833e-01
8.510664e-02
1.423774e-01
7.318338e-02
8.614745e-02
1.484321e+01
2.257660e+01
4.819721e-01
2.224775e+01
2.146347e+00
5.834608e-02
9.074282e-02
4.103625e-01
6.383495e-02
1.360813e+00
2.429840e-01
9.176621e-02
5.935160e+01
2.907707e-01
2.875378e+00
1.532614e+01
