1.760173e+01
1.952594e+00
1.533532e+01
1.441332e-01
9.692311e+00
2.368100e-01
6.143967e-02
1.568807e+01
3.853698e+00
1.163340e+00
7.210065e-01
4.580841e+01
2.690753e+00
2.684761e-02
1.407047e+00
2.102913e+01
3.000474e-02
2.711472e-02
1.991703e+01
1.424397e+01
2.806626e+00
9.662489e+00
1.559218e-01
5.943132e-02
1.014309e-02
2.669873e-01
5.510567e+01
3.562762e-02
3.183266e+01
5.620145e-01
1.613683e+01
2.975451e-03
1.822473e-03
9.446946e-02
1.159634e+01
2.328045e+01
1.146985e-02
1.208694e-02
2.066365e+00
1.189196e-01
6.417905e+00
1.091194e+00
9.145030e-01
1.632622e-03
3.899307e-04
1.123658e+00
1.945832e-04
5.666103e-03
4.462934e-03
6.893864e-03
5.054832e+00
6.284130e-02
7.553116e-04
1.082133e-01
2.716614e-01
1.191193e+00
2.382526e-02
6.954912e-02
4.389629e-04
7.649004e-01
4.563376e-04
1.005888e+01
1.137939e-01
2.643978e-01
5.460945e+01
3.552670e-03
2.270478e-02
3.512454e-04
1.598207e+00
2.317761e-02
1.211574e+00
4.620872e-03
7.499114e-01
4.967342e+00
1.399320e+02
9.970663e-04
2.103783e+03
1.481940e+01
3.167054e-03
3.443511e+02
3.521185e+00
2.902620e+03
3.477799e+00
4.830113e+01
1.786202e+02
1.595704e+01
1.638641e+03
3.704803e+02
2.919363e+00
3.171846e+00
2.652772e+03
4.385002e+02
1.163701e+01
7.238840e+00
1.122646e+03
1.879970e-02
4.945775e+01
3.963553e+01
7.155564e+02
1.181399e+04
2.678157e+00
2.203109e+01
3.892560e+01
1.763303e+03
7.775773e+00
1.178637e+01
2.137396e+02
7.381267e-01
1.103159e+01
2.475123e+04
2.929100e+02
1.016351e+01
1.714163e+03
2.030043e+03
1.097808e-03
5.990732e-03
3.410885e+04
4.180557e-03
6.970615e-03
6.499280e+01
1.075792e+04
1.920293e+03
4.373009e+02
4.827945e-01
1.620749e-01
6.788282e-02
1.593939e+04
7.456472e-01
8.734452e+01
2.807470e+04
3.462522e+02
2.683979e+03
2.409173e+02
1.597019e+04
2.808945e+00
2.444808e+03
2.734583e+01
8.846273e-03
2.255114e+02
2.452737e-03
9.742596e+00
1.909450e-02
3.474161e-02
2.355659e+03
3.314686e+00
3.615358e+01
4.374375e-04
1.983083e-01
2.756616e+00
2.048828e+02
1.660924e-02
4.661134e-03
2.334902e-02
8.371518e+01
1.039561e+04
4.325437e-01
3.477862e-01
6.234151e+02
8.185624e+00
4.089336e+02
5.360120e+03
3.017211e-01
1.109354e+04
1.171339e+01
1.631383e+03
3.090363e+02
1.018969e+03
4.875657e+01
2.556070e-02
4.990889e-04
9.877414e-01
4.769569e+02
3.062132e+03
1.112594e+01
1.197680e+02
2.167684e+02
5.777585e+00
1.118132e+02
4.851877e-02
1.025333e+01
5.307946e-04
3.473720e-03
1.404186e-01
3.215759e-01
3.364327e-02
7.351720e+01
2.624561e+01
8.715174e-01
4.619807e+01
3.193644e-02
4.998198e+00
1.514091e+00
1.269874e-01
1.731401e-01
1.002920e-02
2.255559e-02
3.669776e-02
3.290710e-01
5.480553e+00
1.096050e-01
3.170309e-02
3.804150e+00
4.824610e-01
1.562734e+01
8.185006e-01
8.933469e-01
4.757415e-02
3.145371e-01
3.460077e-02
2.700289e+01
2.649388e-01
1.496967e+01
7.231015e-01
1.963552e-01
2.538190e-01
7.555362e-02
1.638715e+00
2.800179e-02
1.483630e-01
2.825068e+01
7.117937e+00
