1.739329e+01
1.951840e+00
1.517471e+01
1.440972e-01
9.706290e+00
2.363472e-01
6.141535e-02
1.569001e+01
3.856028e+00
1.165482e+00
7.214739e-01
4.577363e+01
2.685111e+00
2.753275e-02
1.406974e+00
2.109256e+01
2.996369e-02
2.712123e-02
2.002898e+01
1.424359e+01
2.804709e+00
9.654156e+00
1.484036e-01
5.967540e-02
1.001631e-02
2.621105e-01
5.513056e+01
3.565414e-02
3.183497e+01
5.503278e-01
1.611810e+01
3.197291e-03
1.825122e-03
9.437029e-02
1.159303e+01
2.337833e+01
1.152782e-02
1.206924e-02
2.034432e+00
1.191204e-01
6.710840e+00
1.084401e+00
9.137550e-01
1.633453e-03
3.896289e-04
1.108539e+00
1.952195e-04
5.672828e-03
4.459434e-03
6.905087e-03
5.048556e+00
6.312588e-02
7.567545e-04
1.068475e-01
2.733939e-01
1.191819e+00
2.390793e-02
6.187440e-02
4.372624e-04
7.625680e-01
4.515619e-04
1.010868e+01
1.141247e-01
2.633821e-01
5.539634e+01
3.608228e-03
2.296001e-02
3.508701e-04
1.597881e+00
2.311762e-02
1.205095e+00
4.616326e-03
7.467249e-01
5.021330e+00
1.400986e+02
9.964380e-04
2.105538e+03
1.476643e+01
3.165248e-03
3.443759e+02
3.517933e+00
2.890142e+03
3.437637e+00
4.825174e+01
1.783123e+02
1.587899e+01
1.663388e+03
3.738629e+02
2.922378e+00
3.161653e+00
2.861418e+03
4.399965e+02
1.164058e+01
7.239416e+00
1.120863e+03
1.879148e-02
4.958482e+01
3.969318e+01
7.154785e+02
1.175773e+04
2.680693e+00
2.204516e+01
3.902218e+01
1.702575e+03
7.763804e+00
1.180205e+01
2.138626e+02
7.426883e-01
1.100469e+01
2.688519e+04
2.937528e+02
1.010177e+01
1.715584e+03
2.025332e+03
1.095817e-03
5.978984e-03
3.407134e+04
4.179001e-03
6.937946e-03
5.900035e+01
1.077556e+04
1.948679e+03
4.409254e+02
4.827882e-01
1.625214e-01
6.772974e-02
1.568827e+04
7.348879e-01
8.735550e+01
2.805402e+04
3.453581e+02
2.683568e+03
2.390726e+02
1.707640e+04
2.806135e+00
2.438530e+03
2.736349e+01
8.855923e-03
2.375709e+02
2.460615e-03
9.733926e+00
1.904408e-02
3.441802e-02
2.355060e+03
3.315117e+00
3.622990e+01
4.386079e-04
1.983550e-01
2.798682e+00
2.050709e+02
1.637477e-02
4.662226e-03
2.331839e-02
8.326995e+01
1.028151e+04
4.329018e-01
3.493660e-01
6.264850e+02
8.185098e+00
4.294698e+02
5.318753e+03
3.017237e-01
1.105763e+04
1.154914e+01
1.647444e+03
3.097176e+02
1.009886e+03
5.513486e+01
2.569005e-02
5.135932e-04
9.958421e-01
4.772475e+02
3.061407e+03
1.112149e+01
1.197418e+02
2.183252e+02
5.766631e+00
1.117447e+02
4.852062e-02
1.023168e+01
5.333264e-04
3.474507e-03
1.369188e-01
3.208183e-01
3.366521e-02
7.282823e+01
2.628647e+01
8.715882e-01
4.675924e+01
3.195831e-02
5.015525e+00
1.517823e+00
1.264563e-01
1.743145e-01
1.000203e-02
2.259466e-02
3.666151e-02
3.291827e-01
5.480064e+00
1.096265e-01
3.113410e-02
3.816530e+00
4.825093e-01
1.564045e+01
8.166471e-01
8.940419e-01
4.756829e-02
3.130647e-01
3.460120e-02
2.703331e+01
2.654200e-01
1.493709e+01
7.228984e-01
1.962334e-01
2.548569e-01
7.582743e-02
1.643356e+00
2.499447e-02
1.472600e-01
2.835090e+01
7.094387e+00
