5.185234e-01
1.159404e-01
4.113383e-01
5.637320e+01
8.304486e-02
2.488377e+00
3.254800e-01
3.246763e-02
4.030578e-02
4.223673e+01
2.374120e+00
1.693007e+00
2.229899e-02
4.645332e+00
1.793079e+01
2.843055e+01
1.750680e+00
1.091439e+01
7.745383e+01
9.694439e+00
3.006976e+00
1.192520e-01
5.812254e+01
1.061784e+01
9.939225e-01
3.037001e-02
1.156374e+00
3.411189e-01
3.268920e+00
7.044202e-01
1.900003e-03
1.295073e-01
2.927271e-04
1.552403e-01
2.308347e+00
5.580412e+00
2.540497e+00
6.464806e-04
5.920730e-01
1.143365e-02
4.516481e+00
2.359273e-02
1.587883e-01
4.168115e-03
1.187981e+01
1.864602e-02
3.996577e-03
2.481318e-01
8.785099e-04
2.303139e-02
1.956298e+01
1.370801e-03
5.013974e-03
2.910701e-03
2.580787e-04
2.953235e-03
2.722901e-03
1.974354e-02
8.188530e-03
8.869837e-03
1.228215e-01
5.305424e-04
3.000096e-02
8.843737e-02
7.276416e-01
1.743662e+00
4.996419e-02
7.034987e-04
4.454183e-02
4.798799e-01
6.456337e+00
5.088077e-01
1.419275e-02
1.471152e-02
1.865448e+03
3.428606e-03
5.467751e+01
2.308535e+04
1.122117e-03
3.948104e-03
1.978241e-01
6.553836e-03
9.772281e-03
2.348928e-01
1.244875e+02
7.809221e+00
3.961159e+03
1.934397e+02
2.150383e+02
1.599023e+04
2.971718e+01
3.684408e-02
1.344801e+01
3.330803e-02
7.316650e+02
3.436348e+02
1.483431e+01
9.392195e+03
1.471113e+01
1.038106e-01
5.675893e+02
7.200869e+00
2.653254e+03
1.920147e+04
1.405763e+01
5.847738e-03
4.203567e+01
1.626678e+02
4.708191e+02
8.448693e-03
1.926985e+02
6.234118e-01
6.152986e-02
8.647872e+02
4.191075e-03
2.619668e+01
4.398162e+00
1.765987e+01
2.535153e+01
2.025887e-02
3.885667e+02
1.563865e+03
1.311329e-01
3.260422e-02
2.049387e+03
9.267320e-02
4.979867e-01
4.809968e-02
2.128528e+01
4.876439e+01
7.261726e+01
1.044128e+04
1.483254e+03
3.802295e+01
3.827023e+02
1.571014e+00
7.365277e+00
3.451459e+00
3.488379e+03
2.091353e+00
1.449179e+03
1.903918e-02
1.110272e-01
5.137135e-03
3.098211e+01
9.905371e+00
1.974871e+02
3.213394e-01
1.841862e-01
1.103847e+00
9.871474e-01
3.833993e-03
1.063917e+01
1.434663e+04
1.436905e-02
6.266743e+00
3.112369e+03
2.085368e+02
3.662177e+02
1.208826e+01
1.095655e+02
5.950485e-01
5.111315e+02
9.091627e+00
3.532072e-02
4.466193e+00
3.329928e-01
2.796914e+01
1.083633e-04
6.195819e+00
9.176900e-03
2.522579e+01
1.176301e+00
1.411498e+02
2.787428e+01
1.981745e+02
2.368729e+01
1.631708e+02
1.074119e+00
1.000080e+02
4.084886e-03
8.259757e-02
6.493803e-01
2.195618e+00
1.152504e-01
1.922749e-01
1.803841e-01
4.127472e-01
1.675875e+00
1.868703e+01
5.334614e+00
1.111128e-01
6.139110e-01
2.657832e-01
4.613602e-02
1.627407e+00
7.490216e-02
8.320440e+00
3.982518e+00
3.100249e-01
1.257943e+01
9.787455e+01
4.038558e-01
9.114791e+00
7.012611e+00
1.362546e+00
8.483939e+01
3.563622e+00
3.988745e-01
1.026170e+00
3.818437e-01
1.104221e+00
2.672464e-01
1.017812e+00
6.089451e+00
4.239006e-01
1.084224e+00
3.097466e+00
1.714891e-01
2.403446e-01
8.042739e+00
