7.824582e+01
4.854108e+00
6.039028e+00
8.803524e-02
5.563380e-01
1.744343e+00
5.015179e-02
7.107020e-02
3.796274e-02
3.724925e-01
2.677136e-02
3.580133e+00
1.267273e+00
5.545833e+01
1.898205e+01
1.168019e+00
3.563480e+01
9.203895e+01
2.882211e-01
2.644253e+01
1.763282e+01
2.519467e-02
2.047728e+00
3.776680e+01
3.431278e-02
2.536153e-02
6.710155e+01
5.200696e+00
8.571289e-02
5.903957e+00
8.864179e+00
3.941962e-01
6.328472e-02
7.473236e-04
1.030676e-03
1.220397e+00
2.414919e+00
1.137371e+00
1.867346e+01
1.339685e-02
5.969289e-04
1.657404e+01
2.721660e+00
2.878992e-02
7.039313e+01
1.748358e+01
1.818198e-02
2.716653e-01
5.733754e-02
1.931772e+00
9.200984e-03
2.097295e+01
1.270562e-01
1.154045e+00
1.729246e-02
3.112065e-02
5.664731e-02
1.413669e-01
2.598155e-02
2.182474e+00
7.860655e+01
3.794738e-01
1.913157e-01
1.603587e-02
8.432314e-02
6.524410e-02
2.269322e-04
1.594648e-03
6.574280e-03
8.713332e-01
3.390266e-03
7.315345e-01
1.659510e-04
9.113682e-04
1.953599e+01
2.021811e-04
4.617739e-01
2.604398e+00
2.119324e+01
6.697377e+00
3.427593e-01
1.921613e+04
4.940817e+00
4.614334e+00
4.476364e+02
3.074117e-01
4.312843e+01
1.323321e+04
9.460203e+02
1.123250e+00
2.007462e+03
1.649724e+03
1.433556e+01
1.751585e+02
2.083588e+01
1.013474e-04
9.058198e+01
1.511190e+00
9.252975e+01
2.608606e+02
1.132413e+01
5.711475e+00
2.165296e+03
5.648419e+02
2.403559e+00
3.914930e+03
3.842823e+01
2.044619e+01
8.149628e+00
2.196420e+00
1.198147e+00
2.387190e+02
1.146820e-02
2.325527e+04
4.045709e-02
9.514349e-01
2.835939e+00
1.154302e-04
5.997946e+03
1.612601e+00
1.144738e-01
4.848096e-03
9.835764e+03
1.221368e-04
1.686511e-01
1.171090e-02
7.699105e+03
7.073876e+04
2.241323e+02
2.040265e-03
1.173152e+03
5.192004e+00
4.895488e+02
5.256704e+01
3.957801e+02
9.435488e-03
3.714934e+03
8.283975e+03
1.941101e+02
9.209480e+02
1.278454e+00
1.224612e-01
7.496270e-01
2.341499e-01
1.125049e+00
1.167955e+03
5.525090e-01
1.295511e-03
2.163866e+04
8.763003e+03
1.318218e-04
1.007567e-03
9.362551e+04
2.051555e-03
8.396659e-04
4.676623e+02
1.934211e+04
2.698547e-01
2.998941e+04
1.709212e+03
1.147575e+00
4.849959e+02
1.450915e+00
5.432251e+01
4.690805e-02
3.937789e+02
4.663749e+01
1.137538e+03
2.039335e+00
3.248057e-02
3.408838e-04
4.025541e-04
2.006156e+02
9.140489e+03
1.589228e+03
2.878671e+00
2.194911e+04
3.673600e+01
2.273567e+00
1.938354e+00
1.088323e-01
1.997354e-03
8.409536e+01
2.296300e+00
6.655070e+00
2.143956e-01
4.475441e+01
5.719812e-02
1.608540e-01
1.313457e+00
7.372426e-01
1.797306e+01
1.142257e+01
2.907298e-02
8.812773e-01
4.040967e+00
9.065394e-01
9.980335e+00
5.495892e-02
2.514307e-01
3.229497e-02
1.425784e+01
3.635441e+00
2.382627e+00
3.280411e-02
5.763388e+00
1.309407e+00
8.332902e-01
1.362300e+00
9.324517e-01
9.286837e-01
6.786027e-01
1.794018e-02
4.135111e-02
1.458770e+01
1.405254e-01
2.862433e+01
1.898328e+00
1.586709e+01
6.319905e-02
5.900081e+02
