5.152071e-01
1.158320e-01
4.187225e-01
5.249983e+01
1.959415e-02
2.495138e+00
3.214068e-01
3.260298e-02
3.992674e-02
4.220828e+01
1.736658e-02
1.571732e+00
2.262027e-02
4.684776e+00
1.877985e+01
2.871172e+01
1.872042e+00
1.104714e+01
9.783208e+01
8.956961e+00
3.010250e+00
1.183763e-01
5.600988e+01
1.060452e+01
9.904310e-01
3.107910e-02
1.193938e+00
3.252307e-01
3.275595e+00
7.034158e-01
1.843981e-03
1.296699e-01
3.813789e-04
1.459046e-01
2.458901e+00
5.453914e+00
2.546418e+00
6.421254e-04
5.892312e-01
1.142589e-02
4.496642e+00
2.436115e-02
2.360535e+00
4.151828e-03
1.180387e+01
4.344929e-02
4.116729e-03
2.501607e-01
8.705099e-04
2.292789e-02
6.478167e-04
8.265636e-04
5.007304e-03
3.188870e-03
2.493963e-04
2.977192e-03
1.565956e-01
2.009634e-02
9.318621e-03
8.929564e-03
1.235946e-01
5.505825e-04
3.031569e-02
1.130610e-01
7.536624e-01
1.775908e+00
5.014750e-02
6.993007e-04
4.646623e-02
4.651236e-01
6.244565e+00
5.183646e-01
1.421719e-02
1.469261e-02
1.638128e+03
3.361685e-03
5.331887e+01
1.907841e+04
1.139284e-03
3.939252e-03
2.007360e-01
5.683621e-03
8.107050e-03
2.232353e-01
1.235905e+02
6.886116e+00
3.985248e+03
1.924739e+02
1.077931e+00
2.130957e+04
3.752416e+00
3.783467e-02
1.323044e+01
3.351405e-02
7.309657e+02
3.413412e+02
1.481557e+01
8.649954e+03
1.467854e+01
1.047056e-01
5.500176e+02
3.502099e+00
2.609983e+03
9.491895e+04
1.381470e+01
5.543260e-03
4.221122e+01
1.618586e+02
4.668663e+02
8.373349e-03
1.847726e+02
4.536146e-01
6.145268e-02
9.292590e+02
4.380197e-03
2.570640e+01
4.382709e+00
1.803553e+01
2.553846e+01
2.058929e-02
2.793701e+02
1.057911e+03
1.326649e-01
3.176793e-02
2.048312e+03
9.276601e-02
4.942899e-01
4.817597e-02
2.116048e+01
4.997120e+01
7.250784e+01
8.605636e+04
8.519039e+02
3.843365e+01
3.888729e+02
1.542554e+00
6.905471e+00
3.057439e+00
3.460300e+03
2.087837e+00
1.451056e+03
1.909526e-02
1.122892e-01
5.137546e-03
2.151095e+02
9.955326e+00
2.011294e+02
3.233653e-01
1.892100e-01
1.016135e+00
9.885210e-01
3.815471e-03
1.030923e+01
1.434021e+04
1.437189e-02
6.268912e+00
3.292792e+03
2.085368e+02
3.708524e+02
9.208542e+00
1.003386e+02
5.979141e-01
6.044504e+02
9.134533e+00
1.374695e-04
4.520061e+00
3.314150e-01
2.793883e+01
1.000334e-04
7.507622e-01
3.807220e-03
2.556070e+01
1.260364e+00
1.001149e+00
1.281241e+02
1.980118e+02
2.375793e+01
1.635283e+02
1.068894e+00
9.970567e+01
4.033106e-03
8.294817e-02
6.492962e-01
5.814418e+00
1.149813e-01
1.926658e-01
1.792588e-01
4.084695e-01
1.736958e+00
9.977688e+01
5.313822e+00
1.130550e-01
1.003405e-02
2.662627e-01
4.545182e-02
1.622900e+00
7.485241e-02
8.304681e+00
3.735288e+00
3.279069e-01
1.262179e+01
9.782778e+01
4.039031e-01
9.066044e+00
7.014243e+00
4.956072e+01
9.620383e+01
3.587733e+00
4.955468e-01
1.143335e+00
1.125509e-02
1.097858e+00
2.642021e-01
7.543543e+01
6.029786e+00
4.277582e-01
5.572081e+01
3.183100e+00
1.706119e-01
2.180938e-01
8.115005e+00
