1.749171e+01
1.948859e+00
1.534282e+01
1.439760e-01
9.688807e+00
2.369445e-01
6.114960e-02
1.568098e+01
3.856395e+00
1.166805e+00
7.210520e-01
4.574868e+01
2.692261e+00
2.687670e-02
1.325293e+00
2.097104e+01
2.952826e-02
2.694507e-02
1.990021e+01
1.423599e+01
2.798580e+00
9.714933e+00
1.566069e-01
5.930485e-02
1.011639e-02
2.671645e-01
7.895685e+01
3.562870e-02
3.217072e+01
5.610857e-01
1.624759e+01
2.977670e-03
1.844440e-03
9.415103e-02
1.112058e+01
2.326707e+01
1.144153e-02
1.206733e-02
2.065997e+00
1.177327e-01
6.479558e+00
1.087681e+00
9.247133e-01
1.619213e-03
8.089633e-04
1.127082e+00
2.967810e-04
5.674240e-03
4.472416e-03
6.893555e-03
5.009694e+00
6.300527e-02
7.433796e-04
1.037390e-01
2.729195e-01
1.191934e+00
2.383740e-02
6.966806e-02
4.384546e-04
7.635448e-01
4.583289e-04
1.010295e+01
1.138227e-01
2.638502e-01
7.986267e+01
3.608332e-03
2.289788e-02
3.311748e-04
1.592662e+00
2.335270e-02
1.226678e+00
4.595645e-03
7.508336e-01
4.966730e+00
1.391123e+02
1.001184e-03
2.112914e+03
1.492470e+01
3.152159e-03
3.442010e+02
3.507431e+00
2.901052e+03
3.466901e+00
4.816945e+01
1.791019e+02
1.593100e+01
1.637208e+03
3.703374e+02
2.922154e+00
3.213996e+00
2.657034e+03
4.400385e+02
1.165103e+01
7.250989e+00
1.119979e+03
1.891972e-02
4.925334e+01
3.960319e+01
7.138910e+02
1.179498e+04
2.675488e+00
2.210833e+01
3.840425e+01
1.758374e+03
7.784260e+00
1.168052e+01
2.133826e+02
7.376853e-01
1.107804e+01
2.451816e+04
2.919532e+02
1.013953e+01
1.674948e+03
2.042329e+03
1.100330e-03
6.000993e-03
2.149976e+04
4.061328e-03
6.972852e-03
6.451674e+01
1.077007e+04
1.909705e+03
4.444244e+02
4.819004e-01
1.623926e-01
6.987186e-02
1.583222e+04
7.447638e-01
8.675886e+01
2.804305e+04
3.460547e+02
2.676896e+03
2.408136e+02
1.602707e+04
2.810468e+00
2.440476e+03
2.733874e+01
8.811642e-03
2.265383e+02
2.487583e-03
9.770342e+00
1.910153e-02
3.460273e-02
2.342110e+03
3.292852e+00
3.620797e+01
4.371265e-04
1.984430e-01
2.754004e+00
2.047710e+02
1.662914e-02
4.578154e-03
2.345069e-02
8.329046e+01
1.031184e+04
4.405645e-01
3.511450e-01
6.246559e+02
8.159191e+00
4.114668e+02
5.368807e+03
3.006744e-01
1.098952e+04
1.174645e+01
1.698478e+03
3.158973e+02
1.020843e+03
4.880268e+01
2.563333e-02
4.994675e-04
9.925879e-01
4.775811e+02
3.086135e+03
1.117140e+01
1.203490e+02
2.171348e+02
5.744065e+00
1.122269e+02
4.891432e-02
1.042194e+01
5.309096e-04
3.474633e-03
1.418795e-01
3.241374e-01
3.374061e-02
7.691155e+01
2.617969e+01
8.707020e-01
4.855842e+01
3.194053e-02
5.006514e+00
1.514652e+00
1.263681e-01
1.731935e-01
1.000914e-02
2.228808e-02
3.673466e-02
3.273489e-01
5.512937e+00
1.094490e-01
3.189439e-02
3.803844e+00
4.823907e-01
1.556252e+01
8.317563e-01
8.910722e-01
4.820929e-02
3.186461e-01
3.458180e-02
2.696468e+01
1.999689e-01
1.495814e+01
7.235091e-01
1.966221e-01
2.532030e-01
7.539676e-02
1.632993e+00
2.788373e-02
1.471599e-01
2.766204e+01
7.106788e+00
