1.554289e+00
1.041347e+01
1.690454e+00
8.604121e-02
1.140938e+00
1.219500e+00
3.014872e-01
2.228993e-01
2.221105e-01
8.660643e-01
1.975683e-02
3.981303e+00
6.075300e+00
3.394536e+00
2.192288e+01
3.592099e+00
8.126562e+00
1.262975e+00
1.722586e+00
5.471405e-01
6.627060e-01
4.452802e-02
1.103674e-01
3.532985e-01
1.008806e+01
2.752822e+01
7.600913e+00
3.649119e-01
2.744646e-01
1.682456e-01
9.895070e-02
2.638105e-01
7.351936e-02
2.322458e-02
3.799518e-01
1.579515e+01
6.552900e-01
3.109889e-03
6.482622e+00
5.305365e-03
4.018058e-03
3.641226e-01
1.969651e-01
1.215724e-02
6.429262e-02
1.088029e-01
4.534844e-03
1.817552e-02
6.038074e-03
4.203563e-03
9.960289e-01
2.234700e+00
7.285892e-01
1.587988e+00
1.322121e+00
1.978271e-01
9.789780e+01
7.565078e-02
3.643154e-01
3.009930e+00
1.572419e+00
1.612680e+01
1.597139e-03
8.460930e-02
8.844182e-01
8.506637e-03
1.470274e-02
8.803861e-01
1.420471e+00
6.014615e-01
1.770611e+00
5.492646e-01
3.585506e-01
4.531806e+00
3.490708e-03
7.548939e-04
2.665976e-02
6.089887e-03
4.321654e+01
1.627700e+00
2.595109e-01
1.088704e-01
9.211653e+01
3.315165e-03
2.077358e-01
1.708991e+02
3.002904e+01
8.359395e+02
2.980605e+01
2.142255e+00
1.044545e+03
7.871076e+01
6.523478e+01
6.749421e-01
3.073695e+02
3.300591e+03
5.623633e+02
2.019689e+00
4.934537e+03
3.880898e+02
1.040218e+01
5.010892e+00
2.029048e+02
5.047275e-03
8.334572e+01
1.406790e-01
9.274914e+00
1.074116e+03
5.591260e+02
9.543694e-01
5.721382e+02
5.756204e+02
2.179522e+00
4.187460e-03
7.512786e+03
2.115378e-02
2.367679e-02
2.169733e-02
1.200803e+01
5.695187e-01
1.138816e-01
1.991096e+00
1.038241e-01
4.011219e-01
2.108288e-02
2.167345e-01
4.047739e+00
1.579692e+03
5.515017e+02
2.152173e+01
1.628419e+03
1.614572e+01
9.003784e+00
1.336748e-03
5.457129e+02
6.327328e-03
1.862639e+01
3.796916e+00
2.671679e+03
3.500172e-03
5.885411e+02
6.099903e-02
1.356318e-01
8.487747e+02
7.059421e+02
2.406111e+00
5.847328e-03
1.960331e-03
1.866443e-02
6.856330e+02
1.740863e-01
4.003833e-02
9.993250e+01
1.039010e-01
2.079513e-01
1.323032e-01
9.088073e-03
1.485742e-01
1.005688e+03
2.138742e+01
5.768567e+00
1.631917e+03
5.109803e+00
2.650177e+02
2.844895e-02
9.918616e+02
1.279475e+00
1.532541e+02
1.556583e+03
2.774303e-02
1.210882e-03
2.010549e+04
1.238776e+04
4.137623e+02
3.244396e+03
1.569462e+01
4.439803e+00
2.011900e+01
9.160623e-02
2.045861e+03
3.569258e-02
2.248566e-03
1.906017e+00
5.516583e-02
8.749828e-02
5.737426e+00
1.755954e+01
1.171794e-01
2.692428e+00
3.051094e-01
2.473099e-01
1.478100e-01
7.421987e+00
8.499871e-02
1.273107e+01
9.246262e+00
5.908538e+01
9.892335e-01
1.430264e+00
2.556912e-01
1.613724e+00
1.983900e-01
1.829419e+00
4.980576e+00
5.574411e-02
1.818007e+00
4.028500e+00
1.194999e+00
4.349560e+00
6.889718e-02
1.736039e-01
3.203133e-01
6.874989e-01
4.987763e-01
4.231261e+00
1.600814e+01
1.589276e+00
4.266870e+00
1.144593e-01
4.966526e+00
6.013714e+00
