3.059284e-02
1.071308e+01
1.547223e-01
3.236035e+00
3.243628e+00
9.869319e-01
6.368234e-02
1.370323e-01
2.029385e+01
4.640027e-02
1.283154e+01
2.437521e+00
4.666894e-02
6.024799e-02
5.618598e-02
1.335360e+00
6.265568e+00
7.191069e-02
1.477680e+01
1.057179e+01
9.310862e-01
4.739007e+00
9.333059e-02
1.620224e+00
3.912083e+00
4.810585e+00
4.392643e-01
4.574759e-02
1.828313e+00
8.057642e+00
4.548666e-02
1.061517e+00
3.268921e-03
1.426530e-01
1.642830e-02
2.479980e-02
2.006325e+01
2.699481e-01
3.680020e-02
7.615303e-01
2.202609e-02
7.449687e-02
8.592522e-02
1.029440e-02
6.340215e-03
1.224243e-01
1.714434e+01
1.082732e+00
1.047677e-01
1.301226e+00
1.984457e-01
1.932195e-03
5.735287e+00
7.184128e-03
6.026714e-02
6.670442e-01
1.479182e+00
3.819089e-04
2.514052e+00
3.581374e-01
3.897341e-03
1.588747e-02
2.470890e+00
3.582834e-01
6.216496e+00
1.844968e-03
2.965081e-01
1.576626e-03
1.117299e-02
2.146514e-01
4.005108e+00
5.428743e-01
4.996547e-01
7.289103e-01
4.910531e-01
5.845352e+00
2.404956e-03
1.146281e-04
7.249004e+00
2.805783e+00
9.995379e-03
3.228455e-01
3.276554e-01
1.622285e-01
1.043415e+02
2.831929e-02
1.598899e-02
2.494902e+03
4.570406e+02
3.396781e-03
1.329893e+01
8.703441e+03
8.000866e+01
6.568669e-01
2.261738e+02
2.509587e+03
6.622695e+02
4.859807e-02
2.008032e+01
1.049077e-02
1.104280e+01
4.091515e+01
1.984071e+02
6.888833e+02
8.907634e+01
1.858360e-01
3.473067e+02
1.114545e-01
2.749415e+02
4.532399e-01
2.931084e+02
1.976271e-01
2.094949e+00
5.521044e+00
7.600409e+02
9.492751e-04
1.567209e-02
5.804267e-03
2.714265e+02
2.764388e+02
6.029459e+02
6.577632e+01
5.332815e+04
1.287081e+00
1.336092e+01
5.007969e+02
3.173162e-02
5.469392e-01
1.374363e+02
2.615304e+03
1.855196e+02
4.166560e+00
7.042339e+01
7.639605e-02
3.285612e+00
7.730729e-01
3.797272e+00
4.796777e+00
2.049520e+02
7.362045e-01
3.295869e+01
2.907393e-02
9.730438e-03
1.556065e+02
1.719387e+03
3.447516e+03
4.646602e+01
1.629146e-02
1.853575e-03
2.512936e+00
9.616832e-04
1.358338e-01
7.725703e+00
7.424257e-01
5.519924e-01
5.006318e-04
1.158372e-03
6.276591e+00
9.374071e-02
3.029992e-01
4.679519e-01
1.329113e-01
7.730629e+02
1.451464e+02
4.501456e-01
4.870739e+02
9.355442e+01
1.737011e+01
5.619084e-02
5.909964e+00
9.750070e-03
2.131262e+00
4.023028e+04
1.516787e+01
2.769276e-04
2.698054e+02
1.034073e+00
5.218010e+00
4.034475e+02
2.861226e+02
2.331292e-02
2.256356e-02
2.054774e+00
8.019073e+00
4.410402e-01
2.931739e+01
1.156212e+01
6.124719e-01
5.871101e+00
4.492899e+00
1.680106e+01
3.459001e-02
9.646551e+00
6.691276e-02
3.862887e-01
4.354263e-02
3.266113e-02
3.123278e-02
3.596552e-01
2.064568e+00
2.803486e+00
6.893682e+00
5.550338e-01
2.354506e-01
3.846035e-01
8.038390e-01
9.154448e+00
1.673098e-02
1.927592e+01
2.959968e-01
5.579136e-02
6.769692e-02
3.224821e-02
7.507481e-02
6.360496e+00
1.085113e-01
8.228324e-01
4.645085e-01
7.717671e+00
6.841529e+00
5.445023e+00
