2.240096e+01
1.962029e+00
1.308605e+01
1.045823e-01
9.847806e+00
2.370994e-01
6.173453e-02
1.558453e+01
3.899325e+00
1.127770e+00
6.887633e-01
4.467362e+01
2.650065e+00
2.780464e-02
1.431402e+00
2.095318e+01
2.394146e-02
2.430112e-02
1.951096e+01
1.450351e+01
2.868927e+00
9.771673e+00
1.623779e-01
5.780293e-02
1.004697e-02
2.666591e-01
3.050702e+01
3.617348e-02
3.116958e+01
6.806378e-01
1.531422e+01
4.650765e-03
1.843592e-03
1.033229e-01
1.164539e+01
2.307101e+01
2.042938e-02
1.295140e-02
2.076284e+00
1.215984e-01
8.672352e+00
1.304594e+00
9.219007e-01
1.692548e-03
2.660660e-04
1.191424e+00
2.144587e-04
5.309283e-03
4.156051e-03
6.880883e-03
5.141851e+00
6.241943e-02
7.359270e-04
1.074851e-01
2.716855e-01
1.668680e+00
2.394843e-02
6.370920e-02
4.395480e-04
7.727996e-01
5.796322e-04
1.014092e+01
1.220391e-01
2.633737e-01
4.757343e+01
3.514964e-03
2.405745e-02
4.016674e-04
1.651334e+00
1.884014e-02
1.211785e+00
3.175207e-03
7.448148e-01
4.905307e+00
1.975588e+02
9.775549e-04
2.122909e+03
1.474847e+01
3.136473e-03
3.353543e+02
3.653417e+00
3.009126e+03
3.492027e+00
4.646095e+01
1.727890e+02
1.363251e+01
1.553472e+03
3.849864e+02
2.952464e+00
3.169225e+00
2.919254e+03
4.339597e+02
1.215688e+01
7.429544e+00
1.195772e+03
2.041816e-02
4.991571e+01
4.194475e+01
7.144423e+02
1.091702e+04
2.660578e+00
2.395879e+01
3.920688e+01
1.405290e+03
7.077600e+00
2.417845e+01
2.150843e+02
7.512648e-01
1.101613e+01
2.754380e+04
2.949235e+02
1.010153e+01
2.005322e+03
1.981434e+03
1.099788e-03
6.003537e-03
3.419754e+04
5.163604e-03
6.828870e-03
5.879287e+01
1.043046e+04
2.025517e+03
4.406661e+02
5.732929e-01
1.672965e-01
6.792658e-02
1.649714e+04
8.075203e-01
8.748762e+01
2.788188e+04
3.479432e+02
2.684297e+03
2.372409e+02
1.762817e+04
2.857927e+00
2.478286e+03
2.727713e+01
8.784585e-03
2.384265e+02
2.226045e-03
1.018960e+01
1.925222e-02
3.427898e-02
2.406900e+03
3.363508e+00
3.294082e+01
4.168781e-04
1.942678e-01
2.536011e+00
2.184873e+02
1.648917e-02
3.770034e-03
2.378372e-02
1.082626e+02
1.005466e+04
3.949781e-01
3.766560e-01
7.416024e+02
7.792910e+00
4.328677e+02
5.233015e+03
2.969761e-01
1.331746e+04
1.012448e+01
1.658342e+03
3.937446e+02
6.959643e+02
5.499542e+01
2.574205e-02
5.116588e-04
9.213612e-01
4.807593e+02
3.129633e+03
1.090362e+01
1.218301e+02
2.191437e+02
6.083291e+00
1.107122e+02
7.475666e-02
1.051502e+01
5.544792e-04
3.946828e-03
1.370721e-01
3.466662e-01
3.301733e-02
7.423468e+01
2.192746e+01
8.465100e-01
4.502761e+01
3.196625e-02
5.051576e+00
1.194912e+00
1.277163e-01
1.734603e-01
1.008829e-02
1.810368e-02
4.192446e-02
3.280933e-01
5.490148e+00
1.089226e-01
2.931931e-02
3.791057e+00
5.033416e-01
1.493897e+01
8.148543e-01
9.415312e-01
4.383252e-02
3.109971e-01
3.535501e-02
2.677567e+01
2.670067e-01
1.428710e+01
7.084245e-01
2.010744e-01
2.631150e-01
7.602713e-02
1.635800e+00
2.308946e-02
1.526494e-01
2.944477e+01
6.922284e+00
