1.441523e+00
5.467596e+00
1.979442e-01
2.175107e+01
1.312651e+00
1.903312e+00
2.856991e+01
9.486183e-01
5.505176e-02
5.946730e-02
2.091046e+00
1.614026e+00
6.027853e-02
2.363406e+00
7.841574e-01
6.855547e-02
1.165518e+00
3.910410e-01
4.760017e-01
1.528965e+01
1.111972e+00
1.938668e+01
5.883550e+01
8.539335e+00
5.268745e-01
7.965015e+00
6.009594e-01
4.285275e-01
1.114034e+00
5.027165e-02
3.421184e+00
6.498078e+00
8.497903e+00
1.263590e-02
1.521674e+00
3.367529e-02
1.179638e-02
2.211223e+00
2.648953e-02
4.624036e-03
4.264061e-04
1.317379e-01
2.947179e-01
1.449815e-03
5.681002e+00
8.202058e+00
1.052189e+00
5.616499e-04
4.031360e-01
6.597142e-03
2.620803e-01
4.321462e-04
2.886668e-03
1.915429e+01
1.313577e-02
1.113146e-01
8.611306e+00
1.075023e-03
1.120311e+01
1.086250e+00
4.034743e-03
5.839410e-02
2.063989e-03
9.121779e+00
1.112359e-01
1.377906e-02
2.358720e-01
3.989008e+00
1.080254e-03
4.911260e-04
2.352765e-04
6.894242e-04
3.181895e-04
1.143198e-03
1.703529e+00
1.597464e+00
3.064476e+01
8.505513e-04
8.637120e-01
4.068138e+01
4.536125e-02
5.577460e-04
5.091482e+00
1.090887e-02
6.623902e+00
4.919455e-03
1.133407e+02
5.197108e+01
2.076458e+01
4.502697e+03
3.098904e+01
7.965235e+00
1.507100e+03
9.288397e+00
2.173003e+02
6.274584e+02
3.232308e+02
5.138693e-01
1.646824e+02
5.551036e+03
1.112427e+01
3.877180e-02
1.176496e+02
6.948898e-04
3.914336e+00
8.942295e+01
4.197761e+02
2.731994e+01
2.000999e+03
5.543322e+01
8.119592e+02
1.187058e-01
2.177136e-03
4.180614e+00
2.284331e-01
3.512386e+02
1.182888e-02
5.988505e-01
4.505001e-03
1.476828e+02
1.012602e+02
3.699884e+00
3.957192e+02
5.269854e+04
1.304375e+03
7.105135e-04
6.006944e-04
3.882293e+03
1.296959e+03
4.599063e-01
1.543368e+01
1.206888e+04
4.836038e+02
3.751076e+01
3.888036e+02
2.286405e+03
5.532613e+02
1.003581e+03
1.242323e+03
5.481568e-01
1.749303e+02
5.313845e-02
1.532706e-01
4.868664e-02
7.396820e+01
5.485206e+01
9.351152e-03
1.512324e-03
1.898712e+02
2.900972e+01
2.478558e-03
1.675689e-01
1.604093e+03
3.891501e-04
2.446833e+02
2.794079e-03
1.152825e+03
1.285489e-02
3.584133e+02
1.340204e+03
6.747851e-01
6.543980e-04
1.046644e-01
4.090598e+02
6.467892e+01
5.776401e+02
1.593650e+00
2.622941e+03
2.292517e-01
8.243590e-04
4.621716e-01
2.542136e+03
6.440572e+00
1.820705e+03
2.457950e+04
3.572134e+01
3.089763e+01
1.011872e+02
2.747959e-01
4.038427e+00
1.297795e-02
3.387353e-03
1.666536e+01
4.805396e-01
3.210665e-02
1.287852e-01
2.315479e+00
2.192017e+01
2.926633e-02
4.421331e-02
2.460594e-01
2.621340e-01
3.410365e-01
1.158457e-01
2.520647e-02
1.478587e+01
3.722153e+01
9.655309e+00
6.363184e-01
5.215804e-01
1.683793e+00
1.146888e+00
3.689964e-01
2.917225e+01
3.008548e+00
2.376528e+01
1.665045e+01
3.135505e+01
1.648752e+00
1.936620e+00
1.674116e+00
7.933108e-02
2.035206e+01
1.316687e-01
2.573957e+00
2.866316e-02
1.926222e+01
5.109295e+00
7.164684e-02
2.132309e-01
4.623006e+00
