1.431318e+00
5.229031e+00
2.132433e-01
2.126951e+01
1.303078e+00
1.950937e+00
3.711530e+01
1.016198e+00
5.639850e-02
6.071830e-02
2.043993e+00
1.733003e+00
6.058377e-02
2.536965e+00
7.851687e-01
6.969536e-02
1.159691e+00
3.938929e-01
4.796009e-01
1.135386e+01
1.113436e+00
1.909788e+01
4.076189e+01
8.303833e+00
5.365424e-01
6.522739e+00
6.072903e-01
4.291372e-01
1.124136e+00
5.115796e-02
3.380794e+00
5.150074e+00
8.323855e+00
1.226498e-02
1.380222e+00
2.996067e-02
1.169270e-02
1.926794e+00
2.279100e-02
4.653537e-03
3.912310e-04
9.015289e-02
2.948001e-01
1.459539e-03
5.731201e+00
9.116623e+00
9.287685e-01
5.414590e-04
3.854178e-01
3.446592e-03
2.641251e-01
4.550072e-04
2.901297e-03
2.244960e+01
1.330600e-02
1.031320e-01
8.841089e+00
1.164777e-03
1.420425e+01
1.039198e+00
4.058641e-03
5.892352e-02
2.126968e-03
8.753738e-01
1.142459e-01
1.392718e-02
2.412768e-01
4.548588e+00
1.016247e-03
3.578190e-04
6.807145e-01
6.816617e-04
1.139879e-02
1.125854e-03
1.693329e+00
1.690232e+00
3.005727e+01
7.957276e-04
8.164507e-01
4.069440e+01
4.644300e-02
5.902074e-04
4.777953e+00
1.092184e-02
6.321155e+00
4.805558e-03
1.125376e+02
4.950536e+01
2.083692e+01
4.552507e+03
2.988423e+01
7.476866e+00
1.385807e+03
9.655242e+00
2.081970e+02
6.312172e+02
3.260836e+02
5.179982e-01
1.401897e+02
3.864277e+03
1.126069e+01
3.241462e-02
1.177112e+02
1.918575e-03
1.043282e+01
1.092863e+02
4.498680e+02
2.180148e+01
2.005176e+03
5.440141e+01
8.018996e+02
1.207796e-01
4.400701e-03
4.543215e+00
2.014082e-01
3.848839e+02
1.143834e-02
5.903265e-01
4.465504e-03
9.617182e+01
1.053601e+02
3.753627e+00
3.547261e+02
5.186005e+04
1.261353e+03
6.337605e-04
6.310736e-04
3.954056e+03
1.304471e+03
6.424454e-01
1.455498e+01
1.337208e+04
4.515118e+02
3.713941e+01
3.891219e+02
2.217132e+03
5.529907e+02
8.780834e+02
1.251151e+03
5.299623e-01
1.757311e+02
5.042238e-02
1.643977e-01
4.740201e-02
7.313892e+01
5.649546e+01
9.474062e-03
2.014529e-03
1.895986e+02
2.903586e+01
2.489714e-03
1.668452e-01
1.493317e+03
3.588314e-04
7.034309e+01
3.068211e-03
3.918622e+02
1.987130e-02
3.817536e+02
1.308619e+03
7.653125e-01
3.908136e-04
1.205646e-01
4.093744e+02
6.314751e+01
5.792036e+02
1.555801e+00
2.507517e+03
1.790653e-01
8.192104e-04
4.170537e-01
2.735920e+03
6.385026e+00
1.821786e+03
2.418946e+04
3.548954e+01
3.202440e+01
9.909373e+01
2.735639e-01
4.097641e+00
1.171914e-02
1.296471e-02
1.206350e+01
4.695378e-01
3.060617e-02
1.263382e-01
2.275162e+00
2.229825e+01
3.015636e-02
4.919895e-02
2.464127e-01
2.746317e-01
3.357790e-01
1.149166e-01
2.814156e-02
1.440216e+01
3.759349e+01
1.339835e+01
6.341928e-01
5.187859e-01
1.797019e+00
1.181582e+00
3.476819e-01
2.972881e+01
3.021250e+00
2.426443e+01
1.665826e+01
3.136396e+01
1.760821e+00
1.947124e+00
1.673529e+00
8.137377e-02
2.017912e+01
1.309463e-01
2.551672e+00
2.762003e-02
1.929869e+01
3.320687e+00
7.330807e-02
2.157899e-01
4.644964e+00
