6.013312e-02
1.787229e+01
3.740631e-01
1.918118e-02
2.951886e-01
1.134535e-01
3.403266e-02
2.124578e+01
9.642874e-02
6.575824e+00
5.900934e-01
7.538183e-02
1.009794e-01
2.431680e-02
2.556676e-01
7.603194e-01
3.740486e+01
3.739172e-02
1.124544e-01
2.766939e+01
1.109970e+01
2.397204e-02
8.492933e-01
1.679857e+01
4.099475e+00
9.165824e-02
1.071757e+00
1.812828e+00
1.196987e-01
4.288902e-02
9.067503e-02
2.969592e-02
1.945255e-04
2.909340e+01
6.356914e-04
2.390229e-03
1.002664e-04
8.994436e-01
3.460263e-02
5.309454e-04
3.884666e+01
1.651300e-01
1.676907e+00
1.574931e+00
2.816279e-01
2.873782e-02
1.190627e-02
1.774895e-03
1.126967e+00
5.641184e-04
7.629555e-01
4.702575e-02
1.075149e+00
3.284989e+01
6.153347e-04
5.093258e-03
3.708773e-02
3.388245e+01
1.292617e+01
7.416860e-01
2.839309e-04
2.349598e+01
5.494049e-03
3.175946e-03
1.081410e-02
5.043651e-02
9.778893e+00
5.946990e-04
9.598923e-04
3.389347e-04
1.227276e-04
2.838704e-04
7.149749e-02
2.544711e+00
1.343404e-01
2.045402e+02
1.277245e-03
1.472169e+01
5.697992e-02
3.207987e-02
2.290228e+01
2.331006e+02
1.120239e-02
4.321640e+03
3.114472e+01
5.366378e+00
2.101548e+03
1.266319e+04
5.469405e+02
1.134524e+01
3.459466e+00
3.913197e+02
4.035844e+01
3.885045e+03
6.848661e+03
2.451558e+04
5.756831e+00
5.794524e-02
2.227787e+03
2.531534e-04
1.254543e+00
1.385058e+03
4.070866e+01
1.321657e-03
2.877016e+03
4.270798e-04
4.698110e+03
3.652341e+03
8.194670e+00
5.275622e-01
1.001822e+00
3.811681e-02
3.191935e-03
2.141509e+00
1.089615e+01
3.567822e-02
1.318792e+00
1.895089e+01
6.066902e+02
3.652361e+03
1.556731e+02
4.985795e+01
3.383603e-04
2.698354e+04
3.496973e+02
1.504501e+03
9.604730e+03
3.551707e+00
3.353817e+01
1.328595e-01
1.383708e+03
2.321892e-04
2.525113e+02
1.267875e-02
8.742630e+02
2.384447e-04
1.615271e+03
4.692527e+01
6.396978e+01
1.151097e-01
6.252275e+00
8.854363e-02
1.176542e-01
8.017499e-01
5.629334e+01
6.928474e+00
1.543874e+01
6.804359e-02
3.235350e-02
1.021929e+03
4.282965e-04
5.596454e-03
9.193754e-03
3.455185e+03
4.953470e+03
1.205374e+01
2.823694e-03
5.753522e+04
6.821793e+04
2.732222e-03
4.704695e-03
6.969081e+03
2.534133e-01
5.110545e+03
9.320562e-03
6.487611e+01
2.695665e-04
2.180243e+01
5.931740e-02
3.307700e+02
4.784612e-02
1.659856e-01
2.907647e+04
3.006739e+02
2.475428e+01
8.082786e+02
3.662994e+01
7.843000e+02
7.928085e+02
5.064436e+02
4.623317e-03
3.985955e-04
2.881009e+00
5.795802e-02
5.335435e-02
7.243816e+00
4.809835e+01
1.316119e-01
1.147729e+00
6.011959e+00
3.128937e-02
2.252083e-01
8.539388e+01
1.268041e+01
1.348393e-01
7.662695e-01
7.261133e+01
9.393425e-02
9.676784e+00
4.493055e+01
4.565369e-01
3.059738e-01
3.719017e+00
1.766708e-01
4.513892e-02
2.380259e+00
7.610907e-02
1.150507e-01
1.407383e+01
1.117173e+00
4.655520e-01
1.705171e-01
1.415660e+00
6.655619e-02
2.555541e-02
6.351008e-02
1.595977e+01
2.340260e+00
1.432610e-02
7.917048e-01
1.187638e+01
