1.696993e+00
3.478133e+00
3.397479e+01
1.151561e-01
9.309583e-01
1.453642e-01
4.293134e-01
1.512058e+00
6.590844e+00
1.880421e+01
8.337414e+01
1.601214e+01
1.646246e+00
7.577686e-01
1.076387e-01
1.435922e-01
2.308039e-02
1.097844e+00
1.436936e-01
2.863449e-01
2.054734e-02
3.926967e-01
1.437487e+00
5.662073e+00
3.126172e-02
5.488689e+01
7.186796e-02
2.826603e+00
3.036722e+01
2.479258e-01
6.729991e-02
2.498964e+00
3.589303e-03
1.106689e-02
1.838678e-01
2.794021e-02
6.133699e+01
8.406050e-03
8.027559e-02
1.823094e+00
1.961994e+00
1.511132e-01
6.041082e-01
1.128670e-04
3.800813e+00
6.888656e-04
5.016405e-03
2.442332e+01
2.084100e-02
5.505583e-03
8.330297e-03
9.166896e-01
1.081043e-01
6.568598e-04
3.550213e-01
6.932975e-01
7.874010e-01
3.417696e-02
4.585222e+01
1.003720e-01
2.027714e-01
9.986048e+00
7.509776e-03
2.282159e-04
7.671308e-01
6.294258e-04
1.510893e-03
1.383768e-02
5.237062e-03
2.506550e+00
1.888827e+00
1.972793e-02
3.519176e-04
3.424554e+01
1.466382e+01
1.636010e+01
1.474040e-02
4.084570e-04
1.263574e+01
4.322783e-04
8.108299e+03
7.381449e-03
4.940583e+04
5.630515e-02
1.062049e+03
1.538794e-02
1.842521e+04
7.536371e+03
4.140482e+02
3.622247e+04
8.668160e+00
1.154344e+00
7.117203e+02
1.367026e+00
5.686828e+00
5.380085e+02
8.899038e+01
7.935103e+00
8.651925e+01
8.101063e+02
7.281389e+00
8.198812e+01
1.763413e+01
7.536908e-01
4.134185e+01
1.789691e+00
3.654548e+03
1.552716e+00
6.221893e+03
5.189936e-02
7.702545e+01
7.217598e-01
6.684207e-03
2.849845e-01
2.117339e-04
4.219679e+00
2.505132e+04
6.635531e-04
1.827718e+02
2.145216e+03
1.382783e-04
1.473004e-04
2.671477e+03
8.991804e-03
1.330965e+01
1.434472e-01
2.197342e+00
2.905321e+00
7.798145e+01
3.053791e+02
3.936779e+01
5.309136e+01
1.972802e+01
3.683638e-03
1.333862e+02
7.162110e+02
1.741335e+03
4.432396e-03
2.252518e+01
4.577009e+01
1.714325e+01
3.953244e-04
7.160223e-03
1.156428e+00
2.187778e+03
2.194897e+01
2.261433e-01
5.978580e-01
3.448004e-01
4.860575e+00
1.268134e-01
1.301289e-04
7.105295e+00
2.338166e-03
2.974422e+01
7.068260e+00
1.170327e+00
3.494133e+04
1.466478e-03
5.016550e+00
2.607753e+03
1.680426e+03
1.265432e+03
5.036029e+03
1.197425e+03
1.678545e+00
6.039861e-04
2.411052e+03
6.946423e+00
6.371966e-04
8.037410e-02
7.540688e-02
2.243799e-02
1.002718e+02
6.599850e+02
8.356269e+01
3.089966e-01
1.292491e+01
2.400817e+01
2.597012e+03
2.044781e-02
2.863156e-01
2.448318e-02
1.961372e-02
3.527700e-02
1.009997e-01
7.862654e-01
1.418015e-02
7.106383e-01
4.022789e-02
5.989352e-01
3.897675e-02
3.622227e-02
1.557078e-01
1.030463e+01
1.773603e-02
5.041948e+00
3.989472e+01
5.616561e+00
6.674234e+01
3.587919e-02
1.171289e+00
4.550960e-01
1.568812e+01
4.170487e+01
2.068587e+01
1.354694e-02
9.981817e+00
5.362160e-01
1.038550e+01
4.538811e+01
5.791691e+01
2.019659e-01
4.551354e-01
3.691979e+01
2.359219e-01
2.974488e+00
4.746064e+01
8.323750e-02
5.240069e+00
1.450382e+01
