1.522289e-01
1.602571e-02
9.188632e-02
2.098842e-01
8.323617e-02
1.456574e-01
2.936118e+00
4.188328e+00
8.866167e-02
1.105007e-01
2.139106e-02
8.323641e-02
1.629878e-01
8.195379e-01
8.505264e+00
4.482137e+01
3.807215e-01
8.793541e-02
2.773146e-01
5.369935e-01
1.571946e+00
5.167261e-01
2.448458e+00
9.609270e-01
2.533003e-02
4.310346e-02
2.486375e+00
1.002403e-01
3.131330e+01
1.144675e+00
3.063931e+00
2.023472e-02
3.084810e-01
1.456190e-01
1.308565e-02
2.595501e-04
1.882081e+00
1.005763e-02
1.281874e+01
2.908577e-01
8.760362e-02
1.787603e-03
1.526455e-01
5.710846e-01
4.325232e+00
1.111844e-01
8.922598e-04
3.816050e-02
3.602265e-03
6.335902e+00
4.059623e-03
1.205644e+00
3.286010e-01
4.652596e+00
5.499713e-04
1.324637e-01
6.126855e-03
1.149396e-02
5.077780e-02
1.260015e+00
4.630154e-01
1.440446e-02
4.460076e-02
6.953298e-01
1.773232e-01
1.032258e+01
7.622969e-02
2.059918e-02
1.476154e+00
1.919295e-02
2.923884e-02
1.864947e-02
2.050791e-01
5.229239e-02
1.830484e-02
3.716203e+02
7.380643e-03
1.158839e+02
4.773041e-01
3.223199e-01
5.617563e+00
1.086469e+00
7.335758e+02
3.151222e+00
5.521024e-01
5.152070e+00
8.504439e-03
2.144806e+04
6.035199e+02
1.195254e+01
1.118214e+01
4.191670e+01
1.521740e+02
1.131129e+02
1.255574e+01
1.186286e-01
9.352488e+03
3.869531e+01
7.314352e+00
1.211982e-01
9.731358e+02
2.386431e+00
4.446214e+02
4.304581e+01
6.539539e+02
3.347376e+01
4.507335e+02
1.152051e+03
7.417307e+00
7.990781e+00
1.166319e+03
1.093759e+01
1.170717e+00
3.355813e-03
2.793768e+00
1.183037e+00
1.809048e+01
1.103867e-01
6.654697e+00
4.812292e+02
3.444288e+00
3.343483e-02
7.927536e+01
3.756516e+02
9.678015e-01
1.643431e-02
5.013275e-02
2.290406e+04
2.102318e+02
4.452525e-03
1.242147e+02
1.137848e+01
8.874565e+00
3.263919e+00
1.383803e+02
3.555104e+00
2.499432e+01
1.003935e+02
1.366543e+02
1.448164e+03
6.395474e+02
6.701585e-02
5.066333e-01
5.171483e+02
1.930204e+03
3.006506e+00
1.444698e+04
9.541996e-01
2.221086e-01
8.836422e+01
3.581018e-03
1.143634e-01
1.884232e-04
7.688991e+04
7.665210e-01
1.000165e-04
6.164072e+00
1.444976e+00
9.130401e-04
1.449974e+00
1.474265e+01
8.367323e-02
8.499051e-02
8.883801e+02
2.747048e-01
4.894834e+01
4.983019e-01
1.374481e+02
2.330859e+02
1.035899e+02
8.474235e-02
4.457479e+03
2.354562e+02
7.725268e+02
2.009618e+02
3.336554e+00
7.975979e+01
7.814634e+01
1.010328e+01
1.731890e+03
1.151119e-02
1.001676e-02
5.501378e+00
1.640753e-02
1.290228e-01
4.583695e+01
4.925291e+00
1.937828e-02
2.123134e+00
1.830071e+00
9.141364e-01
8.762781e-01
1.182132e-01
8.396354e-02
1.422005e-01
9.886556e-02
8.145920e-01
4.623391e+00
1.832115e+00
3.534703e-01
1.477752e+01
2.070973e-01
4.648045e+00
1.013130e+00
4.664457e-01
1.290228e-01
5.884941e-01
8.790651e-02
2.698477e-01
1.045234e+00
7.565780e+00
1.623889e+00
2.213902e-02
5.387337e+00
2.196613e+00
4.653203e-02
4.143234e+00
8.311764e-02
2.453675e+00
1.096108e-01
2.895509e+01
