6.349540e+00
1.065874e+01
4.882017e-01
3.148586e+01
1.239128e-02
1.360821e+00
1.627706e-01
2.960884e-01
2.689486e-02
1.411249e-01
1.098628e+00
4.204652e-01
1.284643e-01
2.185962e+00
2.309079e+00
3.955364e-01
4.030454e-01
4.467923e-01
1.001151e-01
2.020840e+00
3.988530e+01
1.620757e-01
3.593379e+00
2.343967e+00
2.276804e-02
2.379692e-01
1.580826e-01
1.531123e-01
7.307597e-01
2.817942e+00
1.070213e+00
1.725909e-02
1.599876e-03
1.049679e+01
7.542697e-01
1.982197e-02
5.888283e-02
3.428403e-01
1.314852e-02
3.207984e+01
3.417281e-03
2.194703e-04
9.700421e-04
1.620938e+01
3.801260e+00
4.734549e-02
3.458263e-03
1.623417e-02
2.522476e+01
8.783916e-01
3.564471e-02
6.325835e-04
5.861985e-03
2.139966e-02
1.125072e+00
1.690700e-02
1.186463e-02
4.490092e-01
1.554794e-01
1.119283e-03
9.257000e-02
6.673407e-01
1.119065e+00
2.131621e+00
2.388490e-01
1.859112e-02
1.655289e-01
7.207349e+00
4.503987e+00
3.211928e-02
7.000215e-04
1.382636e+00
1.321299e-03
1.275814e-01
1.932534e-01
6.502848e-03
7.516018e-01
2.343163e-02
1.584047e-01
6.254097e+01
8.994621e-01
7.523482e+00
2.400772e+01
5.669480e-01
6.503181e+01
7.899838e-01
1.115780e+01
2.255201e+01
2.056135e+01
2.645523e-01
1.989500e+02
1.236463e+01
3.068171e+01
4.906130e+01
3.112101e+01
2.573969e+02
2.799748e+03
1.449691e+01
1.425391e+01
3.565512e+00
2.711610e+02
7.859375e+00
3.189813e+03
9.787808e-01
5.526233e+00
1.870393e+02
3.192261e+02
1.501940e-01
3.486070e+01
5.936275e+03
4.903718e+01
2.616936e+02
6.715068e-01
1.214083e+03
6.959277e+03
2.665182e-01
7.055325e+03
5.592462e-02
1.289237e-02
1.695763e+02
1.124251e-01
1.616173e+00
2.888737e-02
1.971809e+01
4.808409e+02
6.312343e-01
1.065514e+01
1.171002e+03
4.899765e+03
1.542148e-01
2.910071e+02
6.337701e+02
6.284286e+01
7.280818e+02
2.906614e+02
6.183443e-01
2.334246e+02
1.914060e+04
8.889560e+01
8.751568e-03
2.544000e+01
6.378094e-03
2.773497e-01
4.500677e+00
2.864571e+01
1.170693e+01
1.162421e+01
1.094618e-02
1.159211e+00
2.212173e+00
6.509324e-03
8.894385e-02
6.377470e-04
4.418824e+03
2.705722e-03
6.767910e+04
1.586187e+01
5.097675e-02
6.236546e-01
9.964136e-02
1.747778e+04
2.690384e+02
1.390313e+01
1.013398e+01
9.836883e-03
2.447415e+02
2.433735e+02
1.000071e+02
3.205052e+00
6.376338e-03
4.527603e-03
1.859568e-01
5.474612e-01
2.367370e+01
1.009612e+02
3.875039e+01
3.768204e+00
4.245634e+00
1.299592e+01
1.427482e+03
9.403518e-03
2.201284e-03
6.683550e-01
5.549039e-02
2.357567e-02
1.654750e-02
1.186379e+01
1.312064e+00
3.540369e-01
9.033204e-02
5.645175e+01
3.117556e-02
1.762731e+00
2.384075e+00
1.185343e+00
1.767851e+00
2.653406e-02
7.174411e-02
5.320901e+00
1.701440e+00
3.522485e+00
9.022246e-02
2.997228e+01
2.627541e+01
3.221458e+01
1.132108e+00
2.054668e+01
8.360044e+00
5.301307e-01
7.403698e-01
8.523160e-01
8.047500e+00
3.426599e-02
9.073860e-01
7.561471e+00
6.940787e-01
4.493567e-01
1.953344e-01
1.523599e+01
5.043258e+01
4.232862e+00
