6.044299e+00
1.047749e+01
5.413017e-01
3.014266e+01
1.000102e-02
1.381185e+00
1.791107e-01
2.865756e-01
2.489519e-02
1.176374e-01
1.197732e+00
4.044772e-01
1.245007e-01
1.599922e+00
3.817167e+00
3.638636e-01
1.323436e-01
3.494226e-01
8.939122e-02
1.991907e+00
4.686023e+01
8.877147e-02
3.342687e+00
2.353875e+00
2.768278e+00
2.213397e-01
1.735747e-01
1.487514e-01
6.983485e-01
3.149968e+00
9.762360e-01
1.674353e-02
1.575196e-03
3.849126e+01
8.757226e-01
1.802940e-02
7.145260e-02
3.504096e-01
1.897546e-02
7.195803e+01
3.409365e-03
2.567725e-04
9.487013e-04
9.418409e+00
6.044698e+00
4.586485e-02
3.639281e-03
1.701677e-02
8.581169e+01
9.189272e-01
3.913234e-02
4.182175e-04
5.143058e-03
2.081537e-02
1.298435e+00
2.794630e-02
1.235706e-02
4.853367e-01
1.604394e-01
2.901313e-03
1.003502e-01
8.681888e-01
1.701226e+00
1.314835e+00
3.138794e-01
2.093908e-02
1.364950e-01
7.272216e+00
3.992630e+00
3.448282e-02
7.654031e-04
1.340230e+00
1.281483e-03
1.425840e-01
3.237331e-01
5.255180e-03
6.374442e-01
2.124570e-02
1.680062e-01
6.970439e+01
8.771580e-01
1.919506e+01
2.093896e+01
4.417998e-01
1.004269e+02
9.603482e-01
1.100082e+01
1.505893e+01
2.067335e+01
2.299132e-01
1.719880e+02
1.038102e+01
3.327774e+01
4.238404e+01
2.839222e+01
1.793884e+02
1.307377e+03
1.384852e+01
2.006965e+01
2.846807e+00
2.827203e+02
7.921311e+00
3.703835e+03
4.903393e-01
5.786219e+00
1.917772e+02
3.395611e+02
2.908551e-01
3.079872e+01
1.487226e+04
5.338958e+01
3.187023e+02
5.989378e-01
2.633012e+03
5.033099e+03
2.260314e-01
9.665210e+03
6.195925e-02
1.600778e-02
1.819615e+02
1.195352e-01
1.557472e+00
2.767705e-02
3.194487e+01
7.279070e+02
7.049736e-01
1.020309e+01
1.130947e+03
4.178837e+03
4.336704e-01
2.810533e+02
7.196739e+02
5.740418e+01
7.726034e+02
3.280006e+02
7.864476e-01
2.223713e+02
2.073172e+04
8.617357e+01
7.588422e-03
2.687626e+01
6.459044e-03
4.165402e-01
3.422730e+00
2.117205e+01
4.333808e+00
1.640352e+01
1.103418e-02
1.134696e+00
2.412912e+00
9.278467e-04
7.523229e-02
7.804173e-04
5.549802e+03
1.825191e-03
4.637594e+04
2.215476e+01
4.960227e-02
1.070224e-01
1.584757e-01
1.830015e+04
2.480744e+02
1.610438e+01
1.003428e+01
8.904390e-03
2.546829e+02
5.109615e+02
9.820966e+01
2.771556e+00
6.411903e-03
4.335940e-03
3.273046e+04
2.861743e+03
2.755061e+01
6.016515e+01
3.717782e+01
7.893802e+01
5.465506e+00
2.594098e+01
1.058290e+03
9.189435e-03
5.114478e-03
6.684633e-01
5.356014e-02
1.856179e-02
1.632918e-02
1.209806e+01
1.501475e+00
3.619694e-01
6.975584e-02
4.951345e+01
3.030621e-02
1.793581e+00
2.198563e+00
1.218833e+00
1.651120e+00
2.565011e-02
6.925979e-02
5.763815e+00
1.471252e+00
3.291511e+00
3.643165e-02
2.935347e+01
1.414162e+01
3.104242e+01
1.083887e+00
1.491954e+01
8.205066e+00
6.286272e-01
7.095000e-01
5.502824e+00
8.275971e+00
1.176664e-01
8.676709e-01
7.364885e+00
6.481272e-01
4.636752e-01
1.969577e-01
1.794133e+01
4.984980e+01
4.748344e+00
