5.730436e+00
8.615373e+00
5.387315e-01
3.074871e+01
1.016401e-02
1.391978e+00
1.732618e-01
2.864596e-01
2.760395e-02
1.204549e-01
1.239400e+00
4.103402e-01
1.253180e-01
1.582854e+00
3.749987e+00
3.535376e-01
1.321502e-01
3.495505e-01
8.864511e-02
1.963949e+00
4.712032e+01
8.799961e-02
3.148914e+00
2.421931e+00
2.752863e+00
2.214797e-01
1.723535e-01
1.680432e-01
6.890388e-01
3.269203e+00
1.004246e+00
1.703951e-02
1.545592e-03
3.770141e+01
8.794214e-01
1.849181e-02
7.232065e-02
2.090197e-01
1.908564e-02
6.699664e+01
3.483041e-03
3.131867e-04
9.699783e-04
9.305658e+00
6.080646e+00
5.217288e-02
3.578311e-03
1.732355e-02
9.852114e+01
9.154605e-01
4.042626e-02
4.211041e-04
5.191310e-03
2.077589e-02
1.316530e+00
2.859816e-02
1.244176e-02
4.949250e-01
1.583013e-01
3.228695e-03
9.916909e-02
8.549349e-01
1.654508e+00
1.331771e+00
3.130896e-01
2.121904e-02
1.389405e-01
7.083702e+00
4.001075e+00
3.424131e-02
7.783406e-04
1.331731e+00
1.525782e-03
1.422729e-01
3.247954e-01
5.178990e-03
6.577415e-01
2.072329e-02
1.674359e-01
6.928408e+01
8.867626e-01
1.972081e+01
2.008017e+01
4.363517e-01
1.015799e+02
9.402157e-01
1.112914e+01
1.464118e+01
2.074681e+01
2.255523e-01
1.751888e+02
1.027943e+01
3.313565e+01
4.297689e+01
2.846507e+01
1.640988e+02
1.264514e+03
1.384045e+01
2.027489e+01
2.842902e+00
2.818545e+02
7.911989e+00
3.661659e+03
4.818786e-01
4.140449e+00
1.957290e+02
3.400105e+02
2.902047e-01
3.015351e+01
1.491176e+04
5.288477e+01
3.056278e+02
5.963916e-01
2.617451e+03
5.017302e+03
2.280883e-01
9.832041e+03
6.204023e-02
1.405551e-02
1.704229e+02
1.151389e-01
1.572076e+00
2.766353e-02
3.217120e+01
7.354350e+02
7.195057e-01
9.851954e+00
1.170567e+03
3.975115e+03
4.313992e-01
2.846365e+02
7.075714e+02
5.720553e+01
6.919364e+02
3.296169e+02
7.884825e-01
2.369203e+02
2.091199e+04
9.010826e+01
7.567170e-03
2.678132e+01
6.449467e-03
4.062291e-01
3.625850e+00
2.043263e+01
4.125693e+00
1.645564e+01
1.095567e-02
1.107293e+00
2.646500e+00
1.149897e-03
7.507953e-02
7.861996e-04
5.634155e+03
1.902540e-03
5.068776e+04
2.069683e+01
5.003648e-02
1.086717e-01
1.570165e-01
1.848255e+04
2.430318e+02
1.601553e+01
1.013524e+01
8.985261e-03
2.504157e+02
5.123258e+02
9.808815e+01
2.785073e+00
5.952388e-03
4.269750e-03
3.485171e+04
2.958208e+03
3.022145e+01
6.012887e+01
3.714407e+01
8.541501e+01
5.466614e+00
2.681864e+01
1.058847e+03
9.070607e-03
5.210853e-03
6.683061e-01
5.312853e-02
1.860648e-02
1.634206e-02
1.216961e+01
1.513294e+00
3.592803e-01
6.978301e-02
5.001207e+01
3.012880e-02
1.818990e+00
2.200817e+00
1.198860e+00
1.648877e+00
2.482130e-02
6.952840e-02
5.767367e+00
1.472493e+00
3.307521e+00
3.683422e-02
2.917766e+01
1.408291e+01
3.018293e+01
1.078274e+00
1.264393e+01
8.779345e+00
6.236784e-01
7.110402e-01
5.486175e+00
7.784641e+00
1.187549e-01
8.779653e-01
7.456511e+00
6.455640e-01
4.633042e-01
1.960254e-01
1.794526e+01
4.977971e+01
4.731259e+00
