5.810672e+00
8.908521e+00
5.386206e-01
3.081454e+01
1.011522e-02
1.354281e+00
1.744114e-01
2.826436e-01
2.895745e-02
1.215567e-01
1.240821e+00
4.084869e-01
1.270521e-01
1.573790e+00
3.808283e+00
3.509161e-01
1.320934e-01
3.284115e-01
8.889237e-02
1.956221e+00
4.419150e+01
8.695319e-02
3.177260e+00
2.426223e+00
2.761263e+00
2.271279e-01
1.698446e-01
1.719264e-01
7.104546e-01
3.285295e+00
9.822181e-01
1.350502e-02
1.583347e-03
3.869113e+01
8.867860e-01
1.827746e-02
7.340508e-02
2.088021e-01
1.786858e-02
9.124252e+01
3.286695e-03
3.158996e-04
9.616244e-04
6.134864e+00
6.068602e+00
5.061831e-02
3.540488e-03
1.764596e-02
9.724966e+01
9.168188e-01
3.966421e-02
4.152123e-04
5.399792e-03
1.212831e-02
1.318128e+00
2.801937e-02
1.252395e-02
4.967506e-01
1.527706e-01
3.228754e-03
9.781194e-02
8.632118e-01
1.667061e+00
1.315204e+00
3.132521e-01
2.101709e-02
1.425062e-01
6.869485e+00
4.301707e+00
3.367039e-02
7.349889e-04
1.469609e+00
1.604436e-03
1.445616e-01
3.336328e-01
5.314082e-03
6.657465e-01
1.884597e-02
1.501194e-01
6.950431e+01
8.985116e-01
2.076671e+01
2.006336e+01
4.642745e-01
1.104904e+02
9.444854e-01
1.116536e+01
1.490330e+01
2.064155e+01
2.245221e-01
1.753203e+02
1.037220e+01
3.238006e+01
4.307104e+01
2.843058e+01
1.677542e+02
1.242936e+03
1.361435e+01
2.034915e+01
2.880060e+00
2.874021e+02
7.862874e+00
3.482276e+03
4.845914e-01
4.164562e+00
1.943511e+02
3.400001e+02
3.196318e-01
3.053248e+01
1.445474e+04
5.376250e+01
2.971529e+02
6.065461e-01
2.616591e+03
4.055640e+03
2.262912e-01
9.985533e+03
5.920983e-02
1.314477e-02
1.720907e+02
1.166627e-01
1.630590e+00
2.747459e-02
3.247842e+01
7.266798e+02
7.239819e-01
1.045780e+01
1.160037e+03
1.883254e+03
3.999236e-01
2.908252e+02
7.923680e+02
5.671196e+01
8.374854e+02
3.319767e+02
7.952972e-01
2.358658e+02
1.982829e+04
9.043869e+01
7.012277e-03
2.681033e+01
7.103188e-03
4.068535e-01
3.673328e+00
2.042411e+01
4.097582e+00
1.643213e+01
1.100933e-02
1.104540e+00
2.332404e+00
1.164807e-03
7.792899e-02
7.762665e-04
5.625425e+03
1.955267e-03
9.020360e+04
2.299161e+01
4.852320e-02
1.293225e-01
1.561674e-01
1.832122e+04
2.417905e+02
1.598196e+01
1.001741e+01
9.051748e-03
2.519914e+02
5.387891e+02
9.781527e+01
2.811424e+00
5.945963e-03
4.402163e-03
3.469370e+04
2.909871e+03
3.035529e+01
5.913719e+01
3.765296e+01
8.452571e+01
5.355703e+00
2.680219e+01
1.060034e+03
9.073336e-03
5.187981e-03
6.650358e-01
5.457893e-02
1.908427e-02
1.722986e-02
1.215134e+01
1.484471e+00
3.705776e-01
6.922630e-02
4.995400e+01
3.002232e-02
1.801629e+00
2.214552e+00
1.201407e+00
1.673529e+00
2.443486e-02
6.874540e-02
5.831897e+00
1.473660e+00
3.336112e+00
3.671845e-02
2.927966e+01
1.406392e+01
3.194935e+01
1.053274e+00
1.258748e+01
8.770947e+00
6.237000e-01
7.309170e-01
5.343355e+00
7.652217e+00
1.182019e-01
8.842857e-01
7.474298e+00
6.171990e-01
4.623787e-01
1.966583e-01
1.794452e+01
5.237044e+01
4.754318e+00
