1.385010e+01
4.374796e+00
4.499510e-01
4.629333e-01
4.076469e+01
2.776260e+01
4.043317e-01
2.711524e+01
1.134401e-01
4.555920e-02
2.003258e-01
1.317547e-02
4.292988e+00
4.193425e-01
5.701027e+01
9.119544e-02
1.494445e-01
4.664088e+01
6.960992e-02
1.075724e-02
2.207786e-02
1.075528e-01
6.573810e+01
1.274841e+00
1.617645e+01
3.024452e-01
2.990315e+01
5.736717e+00
7.988807e-01
1.900520e+00
8.737337e-01
2.429730e-02
1.594206e-03
1.983679e-02
2.526146e-03
8.598897e-03
1.038670e+01
4.235919e+00
4.100021e-04
2.105699e+01
4.198657e-04
4.983521e-04
8.611775e+01
3.690788e-01
1.257830e+01
6.617510e-02
3.284531e+00
3.930867e-01
6.840833e-01
5.299652e+01
2.226354e+01
1.101422e-03
1.334450e-03
2.546138e-02
4.040955e+00
9.244916e-03
3.727782e-01
9.191046e-01
5.200466e+01
6.181290e-04
7.874277e-02
2.844756e-03
1.628855e-04
1.672611e-01
2.227492e-01
2.043601e-01
9.081497e-02
3.886656e-04
3.710662e-04
1.038305e-01
5.755067e-04
9.345875e-02
4.763646e-04
3.292111e-04
1.194757e-04
6.048756e+00
2.175235e-04
1.021565e+03
4.298608e+00
7.006799e-01
1.097347e-01
3.788419e+01
6.212188e-01
1.746097e-01
2.458379e+03
3.015071e+04
3.601704e+02
3.647660e-03
1.338543e+01
8.777029e-02
1.267574e+00
3.077320e+03
1.653031e+02
8.368186e+02
3.094048e+02
4.985203e+04
1.198574e+00
1.515346e-03
2.081456e+01
8.004825e-04
3.499720e+02
6.628836e-01
1.981029e+00
1.837711e-02
5.021540e+01
5.694800e+02
6.763013e+01
3.535331e-04
3.800293e+01
2.996488e+00
1.663633e+02
4.031824e+00
2.389818e-01
2.918479e-01
1.723779e+03
4.466942e-03
1.553505e+04
1.544978e-02
1.774086e-02
1.728103e+02
1.278657e-04
9.284742e-02
7.539433e-04
1.783000e-02
3.814539e+02
3.772242e+03
1.732019e+04
4.130632e+03
4.351673e+03
6.124535e-03
3.776881e+03
5.358075e-03
3.938166e+01
1.351723e+04
3.267652e+02
1.897114e-04
3.643337e+02
9.314138e+04
2.339062e+03
2.973555e-01
4.803275e+01
1.651299e-03
6.754609e-01
9.836232e+00
6.523397e+00
2.252954e+01
4.209153e+00
1.090305e-04
9.296121e-02
1.316446e+00
1.669767e-03
5.461090e-02
1.579258e-03
3.331347e+04
4.135393e-04
4.414454e+04
6.985194e+03
1.529748e+02
2.225962e-04
3.974571e+04
1.034466e+00
1.507831e-02
1.546034e-01
6.625508e+00
1.000116e-03
2.835095e+02
1.111431e+03
4.680613e+02
4.721151e+03
7.363308e-02
5.308374e-03
1.653697e+00
3.877286e+03
8.590787e+00
2.607903e+02
3.230705e+01
3.547565e-02
2.247612e+00
4.779201e-01
3.120948e+03
9.373928e-03
8.076766e-01
1.738944e+01
1.533000e-02
3.020235e+01
6.399783e+01
2.102270e+01
1.660515e+01
8.983414e+01
9.283975e-02
6.972615e-02
2.095642e-02
2.712878e+00
3.365094e+00
5.134133e-01
1.725331e+01
2.645596e-02
5.669787e-02
3.072274e+00
1.049009e+01
2.121994e+00
1.278344e+01
2.840781e-02
1.377910e+00
4.797853e+00
2.202510e-01
1.681252e+01
2.396944e+01
4.786269e-01
7.587137e-02
5.461767e-02
2.645723e+01
6.057221e+00
1.386425e-02
6.765469e+01
3.368653e+01
4.562954e+01
3.302291e-01
1.667862e-01
3.433292e+01
2.331859e+00
