4.746554e-02
1.947856e+00
2.084921e+00
1.297643e-01
3.251986e-01
1.035304e+01
1.359301e+00
1.451840e+00
5.464069e-01
6.800972e-02
1.178671e+00
1.719205e+00
8.318902e-02
3.039902e-01
2.089552e-01
5.404979e+00
3.128706e+00
1.258573e+01
1.261221e+01
1.357602e-01
1.038148e-01
3.839880e+00
1.472901e+00
3.623071e-01
3.590020e+00
1.563557e+00
1.755803e-01
5.935101e+00
1.880764e-01
2.081650e-01
1.783571e-01
1.105591e-02
1.495441e-03
1.831093e-01
3.054628e+00
2.497603e-03
2.675541e-03
9.254801e-04
5.136762e+00
6.196304e-03
2.250886e-02
1.985510e-02
2.092218e+01
7.826817e-03
1.350231e-02
2.115962e+00
4.283525e-02
8.627486e-02
1.213148e-03
1.628947e-03
1.252745e-01
1.876393e+00
7.274923e-01
1.549523e+00
5.529132e-04
1.572484e-02
8.659412e-02
2.117469e-03
2.492329e-01
2.778562e-02
2.471919e-02
6.803580e-02
2.799043e-01
6.934790e-02
2.755131e+00
3.331338e+00
5.058110e-01
7.913447e-04
3.644122e+00
7.371461e-01
1.707084e-03
9.057482e-03
8.160493e-03
1.597613e+00
3.100541e-04
1.044377e+01
4.131368e+02
3.704211e-03
3.705025e-01
1.799300e+01
1.328359e+00
8.514215e-02
1.890035e-01
8.478572e+01
3.293304e-03
5.473769e-03
2.859730e+01
1.296419e+02
1.049057e+02
2.638858e+03
1.821106e+02
5.177578e+02
4.746114e+00
1.592129e-03
2.628258e+01
1.400436e+03
1.112350e+03
4.823062e+00
3.566651e+02
1.248432e+00
1.299336e+03
3.091583e-01
1.143380e+02
1.739524e-02
1.258525e+02
1.248423e-02
2.166951e+00
3.003577e+01
6.330876e+00
1.579455e+00
2.778202e+01
1.020077e-01
5.794713e-01
1.724640e-03
6.544513e-02
2.972716e-03
5.249395e+00
1.147407e-04
6.440486e-02
5.106793e-01
1.279783e-02
5.666339e-02
8.561800e-03
2.295628e+02
2.954614e-04
2.454596e-02
9.979653e+01
8.753919e+02
1.195141e+02
6.056892e+00
5.770750e+02
2.643317e+00
1.304494e+00
2.494713e-01
1.484909e+03
1.952545e+01
8.191738e+02
8.053886e-02
2.038324e+00
6.945443e-03
4.888571e+03
4.997952e-04
3.310252e-02
6.610924e-01
1.171428e+03
6.221717e+00
1.709996e+02
5.896676e-04
1.009295e+03
3.801616e+03
1.652589e-02
1.047981e-01
6.169518e+00
3.072585e-04
9.900843e-01
6.289495e-03
7.899392e-04
1.009934e+04
5.348581e+02
2.703250e+03
1.173294e+00
2.574853e-03
2.768078e-03
5.873314e+00
1.480842e-01
1.156511e+01
5.325783e-03
1.073563e+03
7.631904e-04
6.679406e+02
4.924821e-04
4.097427e-02
4.813171e+04
2.791766e+01
1.009104e+03
5.674217e+03
1.615940e-02
2.070247e+02
6.854849e-03
2.404192e+02
3.352881e-02
3.682064e-02
2.372397e+00
1.749013e-01
5.108712e-02
3.842377e+00
1.605480e-01
1.478544e-01
5.259745e-01
6.961183e+00
1.233006e-01
1.541439e-02
8.380156e-01
9.688893e+00
2.943326e-02
3.218441e-02
1.240746e+01
1.178976e+00
8.158434e-02
7.776693e+00
1.418220e-01
4.784395e-01
1.606778e+01
1.907861e+00
1.311823e-01
1.579584e+00
3.900243e+01
4.285582e-01
1.082950e-01
1.836959e-01
8.059913e-01
7.733184e-01
1.019195e-01
1.614415e+01
4.275388e-02
5.027009e-02
1.855243e-02
3.399652e-01
1.306785e+00
4.941086e+00
1.222230e+02
