6.374615e+00
1.102915e+01
5.204230e-01
3.080129e+01
1.002414e-02
1.357796e+00
1.721480e-01
2.823221e-01
2.490076e-02
1.397136e-01
1.187142e+00
3.957388e-01
1.241200e-01
2.145232e+00
3.779994e+00
3.675948e-01
4.026188e-01
3.593940e-01
1.006787e-01
2.061422e+00
4.142361e+01
8.818858e-02
3.319265e+00
2.396266e+00
2.780825e+00
2.245438e-01
1.595852e-01
1.295249e-01
7.056020e-01
2.990860e+00
1.001254e+00
1.714709e-02
1.660697e-03
1.017788e+01
1.035043e+00
1.791770e-02
6.527935e-02
3.701078e-01
2.052360e-02
3.129177e+01
3.393746e-03
2.106059e-04
9.151711e-04
1.709862e+01
4.021537e+00
4.590217e-02
3.370026e-03
1.652092e-02
9.062666e+01
8.784365e-01
3.807667e-02
4.354743e-04
5.828475e-03
2.000065e-02
1.086188e+00
1.787560e-02
1.225434e-02
4.517814e-01
1.562736e-01
2.840727e-03
1.062650e-01
7.345545e-01
1.720796e+00
1.297501e+00
3.222446e-01
2.085756e-02
1.483315e-01
6.940015e+00
4.218497e+00
3.236807e-02
7.350551e-04
1.344407e+00
1.274720e-03
1.374589e-01
2.859382e-01
7.274145e-03
7.190516e-01
2.234170e-02
1.679520e-01
6.208843e+01
8.821137e-01
1.837187e+01
2.439079e+01
4.435414e-01
7.578941e+01
7.796963e-01
1.109444e+01
1.545429e+01
2.045227e+01
2.477390e-01
1.705497e+02
1.118585e+01
3.397549e+01
5.108861e+01
2.840304e+01
2.523823e+02
1.303672e+03
1.126976e+01
1.320132e+01
2.595471e+00
2.820033e+02
8.253012e+00
3.703994e+03
4.979496e-01
5.755848e+00
1.899361e+02
3.466350e+02
2.861416e-01
3.039449e+01
1.377861e+04
4.867629e+01
3.017438e+02
6.282550e-01
1.472380e+03
4.964563e+03
2.587911e-01
1.012483e+04
5.470800e-02
1.607060e-02
1.786137e+02
1.211489e-01
1.570320e+00
2.823431e-02
3.183701e+01
6.321119e+02
7.046345e-01
1.021749e+01
1.034655e+03
4.514222e+03
3.956468e-01
2.930828e+02
5.897365e+02
6.174427e+01
7.808580e+02
3.967354e+02
8.198560e-01
2.330609e+02
3.065304e+04
8.820017e+01
8.247775e-03
2.508203e+01
6.312291e-03
3.010852e-01
3.514443e+00
2.837865e+01
8.730467e+00
1.531817e+01
1.042011e-02
1.174455e+00
2.318651e+00
9.939038e-04
7.503374e-02
6.585263e-04
4.617689e+03
2.009781e-03
7.641765e+04
1.426018e+01
5.138516e-02
1.156180e-01
1.505536e-01
1.684620e+04
2.591068e+02
1.411055e+01
1.019626e+01
9.184491e-03
2.523389e+02
2.661363e+02
9.775752e+01
3.096520e+00
6.311410e-03
4.203756e-03
3.332442e+04
2.905447e+03
3.169127e+01
5.447274e+01
3.755116e+01
7.474324e+01
4.918225e+00
2.748197e+01
1.434116e+03
9.078336e-03
5.748245e-03
6.736858e-01
5.619518e-02
1.867036e-02
1.611082e-02
1.209220e+01
1.500105e+00
3.609067e-01
7.138096e-02
4.418173e+01
2.688558e-02
1.792323e+00
2.403343e+00
1.161206e+00
1.680215e+00
2.730868e-02
7.744166e-02
5.742933e+00
1.414392e+00
3.347608e+00
3.968546e-02
2.782658e+01
1.661117e+01
3.173652e+01
1.115287e+00
1.422459e+01
8.184639e+00
6.197020e-01
7.830999e-01
8.654094e-01
8.138161e+00
1.153230e-01
8.637514e-01
7.387424e+00
7.119189e-01
4.446249e-01
1.943387e-01
2.103247e+01
5.082740e+01
4.421855e+00
