3.266733e-01
4.241603e-01
4.212832e-02
2.441278e+01
2.248086e+00
3.333480e-02
2.781094e-01
2.791866e-01
4.190045e-01
1.641104e-01
1.010266e-02
1.048864e+00
1.775823e+01
1.230561e+01
3.358061e-01
1.474373e-01
3.511638e+00
2.842463e+00
2.231568e-01
3.730777e+00
6.933227e-01
1.004095e-01
8.877880e-01
3.941852e+00
1.382796e+00
2.325910e+00
8.157019e-01
2.699432e-01
3.920874e+01
1.635968e+00
7.505798e-03
1.828439e-01
3.703510e-01
2.003011e+00
5.947320e-03
6.333849e-01
2.750051e-01
5.927603e+00
1.999201e-03
5.230519e-03
6.232604e-03
2.614909e-02
8.316920e+01
4.425295e+00
2.456991e-02
4.068995e-01
4.159231e+01
1.133896e+00
4.101206e-02
1.112830e-01
2.258469e-03
5.332485e-01
7.425653e-02
1.038899e-01
1.414040e-01
1.072954e-01
5.241909e-04
1.125269e-02
2.182904e+01
3.318556e+00
3.835221e+01
3.432439e+00
1.004120e+01
3.681936e+00
1.294367e-03
2.657224e-04
1.715531e+01
3.889826e-02
4.911839e-02
8.296019e+00
1.429167e-01
3.573416e-01
1.333803e-02
3.571482e-01
2.881218e+00
8.166022e-01
2.028758e-03
2.386754e-03
2.089506e+01
5.876788e+02
2.010700e+02
3.225648e+02
7.752283e-04
2.694928e-03
5.205413e-03
8.400682e+01
5.623787e+01
5.259619e+02
3.862855e+00
5.373047e-03
5.539336e+02
3.757687e-03
3.554869e+01
7.738675e-01
1.261380e+03
1.032825e+01
2.068100e+02
1.187875e+03
1.820288e+00
9.216938e-01
1.362170e+01
9.190785e-03
5.497511e+00
4.177997e-01
2.955349e+01
5.060157e+00
3.132003e+02
8.035216e-04
2.473858e+03
3.955023e-04
7.341893e+02
6.657400e+02
1.350513e+04
1.022520e+02
1.029638e-02
2.597002e-02
9.883968e+01
4.551448e-02
1.192546e-03
3.998151e-03
1.253182e+01
3.984722e+02
6.986757e-04
8.397425e+00
3.375763e-02
2.569912e+02
1.392896e+02
1.039659e+03
2.606998e+01
3.466984e+00
9.697823e+00
8.430979e-02
8.274409e+01
8.517139e+02
4.011713e+02
1.357599e+01
3.344488e+00
2.965889e-02
6.069417e+01
6.113892e-03
2.247238e+02
2.444531e-02
1.920386e-03
8.882971e+01
4.866560e+03
6.980058e+03
2.985046e+00
2.219782e-03
7.483110e-02
4.553937e+03
1.728719e-01
3.337904e-02
8.303960e+01
3.169991e+00
1.279391e+03
2.630568e+03
3.313609e-01
1.808229e+01
1.984039e+02
5.055275e-03
1.790778e-02
3.532395e+02
1.190489e-02
2.310318e+02
1.068151e-03
5.258537e+01
5.365861e-03
2.274982e+00
2.066536e-02
7.070058e+00
3.525802e-04
1.677831e+02
1.250735e+02
1.050394e+00
1.033650e+00
2.046597e+01
5.819532e+01
5.166904e+02
3.932029e+02
5.197145e+02
2.950808e-03
3.353682e-02
5.493176e-01
1.956808e+00
6.890042e-01
1.097997e+01
2.231302e+00
3.544427e+00
7.045213e-02
3.262603e-02
1.785104e-02
2.620449e+00
1.441054e+00
4.905060e+00
1.360871e+00
3.143230e-01
7.642320e-02
2.313304e+01
1.519478e-02
6.971380e+01
7.153982e-02
2.732432e-01
6.361690e-01
2.927748e+00
4.716361e-01
4.354659e-01
6.270546e-01
1.323532e+00
9.357814e-02
3.183838e+01
1.771004e+00
7.950765e-02
1.300216e+01
8.429955e+00
1.827237e-02
7.320827e-01
7.153860e+00
7.401459e-01
3.968288e+01
2.433646e+01
1.045663e+02
