4.482914e+01
2.066746e-01
1.272607e-02
3.469775e-02
1.241458e-01
4.087329e-01
1.977338e-01
8.271101e-01
3.795890e-01
1.949658e+00
5.520972e-02
1.748695e-01
1.894896e+00
4.421974e+00
2.704489e+00
1.588978e+00
8.709134e+00
4.609572e+01
1.467188e-02
1.006025e+00
1.671916e+00
2.804544e-01
2.028099e+01
9.520395e+00
2.777839e-01
3.759172e+00
2.891270e-01
2.057485e+00
1.042171e-01
4.838102e-01
4.724162e-01
1.235054e-02
1.806805e-02
6.000436e+00
1.012795e+00
2.326508e-03
3.019724e-01
8.741614e-02
3.599644e+00
1.885102e-01
1.640927e-03
5.073490e-03
2.177678e+01
1.180288e-01
3.039149e-01
7.862746e-01
3.506655e-01
9.506198e-02
3.038529e-03
1.931953e-01
3.803211e-03
3.935971e-03
2.340271e-02
1.184724e-02
3.508154e-01
4.738890e-02
2.621996e-03
1.518853e-01
4.154073e-04
9.546007e-01
7.189501e+00
2.012511e-01
4.799231e-03
1.310767e+01
1.336272e-01
9.340786e-01
7.470365e-01
1.072879e-01
3.420383e+00
2.083262e+01
7.189627e+00
1.609181e-02
3.871252e-04
4.364142e-02
6.359020e+01
3.551964e+00
1.206958e+02
5.871812e+02
4.133527e+01
2.666660e+03
2.345267e+02
1.454794e-01
7.769331e+02
1.936995e+02
1.532549e-01
9.092575e+02
1.156905e+02
5.681367e-02
3.152200e+01
2.151663e+01
1.768921e+01
3.858711e+00
6.051413e+01
1.671306e+00
1.503779e+01
3.112508e+01
2.473736e+02
7.886637e+02
2.141058e+01
6.280110e+03
7.831066e+03
4.848357e+01
1.217264e+01
4.474008e+00
1.251682e+03
1.270240e+00
1.323146e+00
1.018649e+04
5.286518e+01
1.466157e-01
1.231516e+02
8.839012e+03
1.374354e-02
1.257449e+00
9.932697e+02
6.425927e+00
5.194345e+02
1.579845e+00
6.192245e-01
7.279467e+00
2.159500e-01
2.507463e+00
1.673574e-03
1.758833e+02
1.381003e+01
2.143008e+00
4.758966e+00
1.332602e+02
2.108665e+01
2.054707e-01
2.598957e+02
7.377166e+03
3.009703e+02
9.455498e+01
2.065889e+01
4.109600e-01
3.656266e+02
1.260491e+01
9.301078e+01
9.231084e-03
3.563477e+02
2.465441e-01
1.381835e-03
8.164129e+00
2.239204e+01
1.131738e+04
5.026905e+01
2.979649e-02
5.503561e+03
5.721480e+01
3.156784e-02
4.868788e-01
2.369720e-02
9.439129e+03
2.655675e-01
1.752523e-02
5.574470e-04
2.061047e+02
1.004554e+02
3.082933e-03
8.880808e+02
5.135668e+00
3.967994e-02
1.545444e+02
2.054742e+01
5.673644e+02
1.604140e+02
6.480486e+03
9.280931e+00
1.330791e+02
1.467063e-04
2.341722e+02
4.163909e+03
9.562024e+02
4.135110e-02
4.192709e+03
4.277652e+02
7.152125e+00
1.596971e+00
1.600156e+03
4.083347e-04
9.729559e-01
5.152633e+00
1.584278e+00
1.344653e-01
1.884138e-01
7.826560e-01
4.138099e-01
9.756166e+01
7.384239e+00
1.403023e+01
8.912080e-01
4.579129e-02
2.613253e-01
2.383179e+01
1.840302e+00
3.374053e-01
2.534083e-01
5.182379e+00
3.310055e-01
5.014254e-02
1.262161e+00
1.424556e+01
4.213560e+00
3.435082e-02
2.614237e-02
8.001968e+01
5.539755e-01
3.329639e+00
4.425583e+00
3.039696e-01
2.254518e-01
8.606040e-01
6.562799e-01
1.092942e+01
1.401956e+00
1.631590e+00
5.361753e-02
7.791605e+00
4.592373e-01
1.341318e+02
