3.203592e+01
3.337801e-01
1.390405e-02
3.551159e-02
1.284639e-01
4.114206e-01
1.964866e-01
9.916878e-01
3.674558e-01
2.204669e+00
6.491118e-02
1.748474e-01
1.009424e+00
3.791185e+00
2.703725e+00
1.892394e+01
8.720909e+00
4.673601e+01
1.189393e-02
8.956283e-01
5.876901e+00
2.532416e-01
1.535100e+01
4.546426e+00
2.808616e-01
5.645464e+00
2.797783e-01
2.061478e+00
2.492579e+01
4.475166e-01
4.729783e-01
1.511017e-02
1.808598e-02
9.939155e+00
6.953661e-01
4.355847e-03
3.445529e-01
7.746068e-02
3.778912e+00
1.824104e-01
1.784571e-03
3.952765e-03
3.702955e+01
1.366217e-01
2.326703e-01
8.716245e-01
4.697123e-01
8.603327e-02
1.130759e-02
1.951887e-01
4.622745e-03
2.484180e-04
2.381121e-02
1.170177e-02
3.509593e-01
2.918970e-02
2.640065e-03
1.747986e-01
4.107745e-04
1.136465e+00
1.729328e+01
1.514973e-01
4.400409e-03
1.366999e+01
1.302381e-01
1.102415e+00
2.189956e-02
1.216195e-01
3.316328e+00
2.225109e+01
3.815926e+00
1.360323e-02
4.805618e-04
4.377054e-02
6.617478e+01
3.492189e+00
1.214109e+03
4.670295e+02
4.183692e+01
2.509341e+03
2.741560e+02
1.349230e-01
6.254305e+02
2.573709e+01
1.572759e-01
1.040126e+03
2.729899e+02
6.617711e-02
3.128877e+01
2.229705e+00
1.617098e+01
3.105271e+00
4.320651e+01
6.475671e-01
1.498223e+01
3.846661e+01
3.250351e+02
6.973301e+02
2.699636e+01
6.544982e+03
7.678206e+03
4.865442e+01
1.169044e+01
4.566244e+00
2.440411e+03
1.328110e+00
2.293611e+00
9.187708e+03
5.673159e+01
1.589810e-01
1.354357e+02
9.206146e+03
1.193801e-02
8.288365e-01
2.906734e+02
6.577166e+00
3.330694e+02
1.553644e+00
6.769317e-01
8.828280e+00
2.142990e-01
2.447755e+00
1.680110e-03
5.620402e+01
1.607110e+01
3.555223e+00
4.702931e+00
1.103365e+02
1.889948e+01
1.981687e-01
5.438836e+02
1.362437e+04
3.008257e+02
8.870272e+01
2.082248e+01
3.514691e-01
2.829955e+02
1.837035e+01
9.191553e+01
1.812477e-02
3.059541e+02
2.652813e-01
1.656492e-03
8.018413e+00
2.526798e+01
1.066999e+04
5.160363e+01
3.534280e-02
6.395709e+03
5.789769e+01
4.475021e-02
1.528082e-01
1.724539e-03
1.105700e+04
2.144511e-01
1.186093e-02
6.005026e-04
3.584340e+02
9.999300e+01
3.084968e-03
5.593757e+02
5.521654e+00
3.901898e-02
2.259584e+02
2.523646e+01
2.451856e+02
8.707711e+01
9.524351e+03
8.880140e+00
1.342345e+02
1.260754e-01
2.344765e+02
3.965988e+03
9.426010e+02
4.793718e-02
4.075165e+03
4.158863e+02
6.624869e+00
1.614374e+00
1.611242e+03
9.853517e-02
2.135970e-02
2.301496e+00
1.544864e+00
1.342689e-01
2.327550e-01
7.905212e-01
3.485918e-01
9.324859e+01
3.061471e+00
1.353517e+01
8.087230e-01
5.022651e-02
2.506948e-01
2.298626e+01
1.680715e+00
3.443699e-01
2.148108e-01
5.248898e+00
3.535237e-01
4.602104e-02
1.274041e+00
1.189264e+01
4.332823e+00
3.502207e-02
5.095063e-02
3.872650e+00
5.800207e-01
3.313094e+00
4.481089e+00
3.702059e-01
4.376963e-01
8.681667e-01
7.072775e-01
5.560668e+00
3.480583e+00
1.725185e+00
6.333006e-02
7.864600e+00
1.462998e+01
1.189469e+01
