1.994272e-01
3.609042e+00
3.459258e+00
1.030541e+00
2.517939e-02
1.995698e-01
2.371933e-01
4.094355e+00
2.225818e-01
1.281949e+00
9.408959e+00
8.221762e-02
3.780916e-02
1.841741e-02
4.497446e+00
1.763615e-02
1.422958e+00
1.505878e+00
1.529231e+01
8.192771e-02
3.875016e+00
3.157382e+01
2.594720e+00
9.030039e+00
2.133129e-02
2.279291e+00
9.485806e+01
1.009086e-02
2.873822e-02
3.220833e-02
3.986088e-01
1.034838e-04
4.032294e-01
6.789877e+01
1.873763e+00
2.469340e-02
3.056957e+00
2.551510e-02
1.316175e-01
1.487229e-01
2.653476e+00
1.365633e-03
4.724674e-04
2.023141e-04
7.166898e+00
1.865343e-03
2.180686e+01
3.305107e-02
1.706904e-01
2.042589e+01
1.520541e-01
2.139671e-02
1.588817e+00
2.035141e+00
3.610020e-03
9.762008e-01
1.424328e-01
8.364577e-04
9.043414e+01
2.665774e-03
3.446700e+01
2.401099e-04
1.820860e+01
8.140345e-04
1.708079e-02
2.828270e+00
8.246398e+00
6.878582e-03
8.650298e+01
5.293726e-01
2.466418e-01
7.105290e+00
6.062567e-02
7.722320e-01
2.771244e+00
9.736479e+01
9.463608e+01
2.031975e-04
2.299892e-03
3.991945e+03
1.035616e+04
4.143108e-04
1.042099e-04
7.722051e-01
7.499822e+00
1.049159e-02
5.999419e+03
3.679267e-03
1.440119e+03
1.557892e-03
1.316897e+03
5.752282e+04
3.210190e+01
8.583972e+04
2.685727e+03
1.279322e-03
1.479851e+01
2.416779e-04
4.412113e+00
5.154870e-02
4.303822e+01
1.193031e+00
8.329342e+03
8.838577e+03
6.905516e+03
1.685938e-04
1.757825e+00
3.305284e-03
6.885921e+03
2.435369e-03
1.166522e+00
1.065953e-04
3.882689e-03
3.177732e-04
1.578004e-04
2.205678e+01
3.092190e-02
2.924586e+00
2.023461e-02
8.401465e-01
1.025904e-02
2.215457e+02
1.033694e-01
2.511818e+04
2.150396e-04
1.506791e-01
1.391186e+04
3.691777e+03
4.757769e+00
4.093613e-04
6.614299e+00
2.914858e+02
2.621189e+03
8.689312e+02
2.637799e+02
2.381843e-03
1.267923e+01
6.147866e+03
3.287467e+00
2.361252e+00
1.165807e+03
2.318523e-01
2.009726e-02
1.471292e+02
1.332159e+01
5.794740e-01
1.220632e-03
4.128780e-01
2.324445e+01
3.615259e+00
8.490795e-04
2.325855e-03
3.047292e+03
4.094295e+03
3.755004e-01
3.670255e+02
1.067740e+03
3.467812e-04
5.489461e+02
2.928493e-01
3.426447e-01
2.545119e+00
6.968808e+03
2.709497e+03
2.279689e+03
3.753680e+00
8.720020e+03
2.341871e+01
4.704232e+02
2.893007e+04
5.641709e-04
9.443723e-02
6.350059e+01
2.594330e+00
2.800251e-02
4.025728e+03
3.671015e-03
6.018295e+03
2.129758e+02
1.089903e+03
2.045846e-02
4.977778e-04
4.634928e+00
1.737650e+01
2.141856e+01
5.227534e+01
4.145550e-01
4.371010e-02
1.553259e-02
3.051232e+01
3.214632e-01
6.165307e+01
5.183378e+01
9.590283e-02
6.544364e+01
1.090025e-02
3.329679e+00
3.614463e+01
8.122347e+01
2.050769e+00
2.382254e-02
4.864537e+00
1.305246e+00
4.059512e+00
1.525253e-02
4.179638e+01
1.396099e+00
6.914873e+00
1.525239e+00
5.984176e+00
1.081390e-01
1.613503e-01
3.167349e-02
1.422493e+01
2.606130e+00
1.952168e+00
1.527289e+00
5.277227e-01
3.114025e-02
1.186777e-01
1.294234e+02
