7.485173e+00
7.801341e-01
8.610895e-02
4.958350e+00
7.413734e-02
3.129108e-01
8.525139e+01
3.914724e+00
4.836919e-02
2.435400e-01
2.174971e-01
1.473641e-01
2.833598e-02
1.110770e+01
4.031555e+00
2.540444e+00
8.573354e-01
4.343652e+00
5.945692e+00
7.652278e-01
2.026523e+00
5.918891e+00
1.426244e-01
8.175127e+00
2.470642e+00
3.157765e+00
2.978305e-01
2.274925e+00
3.245491e+00
2.972362e-01
4.077646e-02
2.031879e-03
5.989037e+00
1.354512e-01
2.956544e-01
2.802025e-02
9.297610e-02
3.521764e-01
3.160076e+00
1.246610e-01
4.877597e-04
2.213253e-01
9.216932e+00
7.327542e-02
1.767375e-01
2.702346e-02
1.649347e-02
5.217229e-01
3.186047e-01
2.438300e-01
1.964963e+00
1.957712e+01
6.249760e+00
1.475409e-03
4.198949e-02
6.449220e-03
3.987468e-03
1.658619e-01
3.112981e-03
1.280931e+00
3.655029e+00
1.631267e-02
1.550672e+00
3.706472e-03
5.092488e-01
2.405087e-02
1.222396e+00
3.167964e-01
1.751215e+01
8.046750e-02
3.365699e-01
5.743398e-03
4.746134e-02
1.672433e-03
6.115351e+03
1.831914e+02
1.073424e+01
7.870695e-04
3.703670e-01
3.843666e+01
3.385667e-01
8.736231e+00
4.486998e+02
1.806697e-03
4.727532e+00
8.605060e-03
2.555137e+00
2.151424e+03
3.671086e+01
8.152067e-01
2.045404e+01
3.827166e+00
1.511861e+01
2.384497e+02
1.206038e+01
3.406451e+02
4.829658e+01
4.309129e+03
1.990106e+01
2.494840e-02
7.921582e+00
1.620120e+01
8.905817e+01
4.136318e+02
3.384846e+02
1.149606e-01
9.071825e+00
1.333695e+00
4.078704e+01
7.803721e-02
1.488819e+02
6.405663e+00
4.962978e+00
3.984213e-01
9.059388e+03
2.197899e+00
7.628877e-01
3.684745e+00
2.252458e+01
6.945205e+02
1.932911e+00
2.012093e+03
1.522489e-01
8.265897e+01
1.241636e+02
3.122905e-02
8.284352e+01
1.231967e+01
5.533278e+01
3.704950e+01
3.584859e+02
5.111763e+03
3.084273e+02
7.230552e-01
3.299003e+01
3.149709e-01
1.500195e+01
1.227473e+03
3.028828e+01
4.146020e-01
1.785773e+01
9.616004e-04
4.289743e-02
3.200870e-01
4.566633e+03
1.570170e+02
1.972973e+00
9.250193e-03
2.125914e+01
3.760430e+03
7.900525e-02
2.679435e-04
4.337261e+00
1.172531e-01
2.184984e+03
4.461312e-02
6.393525e-02
2.243966e+00
6.921129e-01
5.972062e-03
1.588795e-02
7.663191e+01
8.621817e-01
5.090260e+02
3.758893e+01
1.432241e+01
1.009535e+00
2.608870e+02
1.680566e-02
4.045794e+02
2.405194e-04
2.377994e-01
1.806052e+00
3.781268e+02
3.484831e+00
2.703130e+03
9.785782e+02
8.067029e+00
3.616832e+00
3.374560e+01
1.648323e-03
2.452596e-02
1.916180e+01
2.239111e+00
5.232907e-02
1.093498e+01
1.940320e+00
4.752839e+01
9.298352e+00
4.086173e-01
9.139406e+00
1.722294e+01
1.953411e+00
5.346116e-01
1.629055e+01
4.792519e-01
2.496298e+00
6.744083e-02
4.341041e+00
7.083408e-02
3.287410e+00
5.460866e+01
3.478638e+00
7.321880e-02
1.188425e+00
2.146991e-01
3.672860e+00
4.597093e+01
3.990798e+01
1.932037e+00
1.897133e-01
2.234016e-01
2.628410e+01
8.892382e-01
1.258808e+01
3.349026e-01
3.523371e+01
5.628537e-02
6.546131e+00
1.850960e+01
5.082948e+00
