8.309295e+00
8.505672e-01
1.360038e-01
2.579576e+00
1.080939e-02
2.938643e-01
4.185228e+01
3.832322e+00
5.037686e-02
2.244843e-01
9.952731e-01
1.316905e-01
8.957466e-02
8.866541e+00
3.839921e+00
2.535872e+00
1.313585e-01
4.839979e+00
6.190815e+00
7.371443e-01
2.109345e+00
6.721688e+00
9.627094e-02
9.660533e+00
3.242619e+00
2.983112e+00
2.843996e-01
2.557647e+00
3.569278e+00
2.649049e-01
5.008824e-02
1.934525e-03
6.109098e+00
1.609620e-01
2.849101e-01
3.119904e-02
7.001928e-02
3.527194e-01
2.835736e+00
1.228678e-01
4.509416e-04
1.855819e-02
3.623888e+00
8.487793e-02
2.561655e-01
3.036557e-02
1.579833e-02
5.623076e-01
3.727668e-01
2.882642e-01
3.788036e+00
1.078371e+01
6.088912e+00
2.020636e-03
4.853313e-02
6.514856e-03
3.454873e-03
1.923861e-01
2.596340e-03
6.537392e-01
3.289557e+00
1.557553e-02
1.745991e+00
3.327004e-03
4.648670e-01
1.136803e-02
1.150992e+00
2.441630e-01
1.418934e+01
6.929725e-02
3.078274e+00
1.285465e-02
2.905832e-02
6.569104e-04
5.694666e+03
2.014938e+03
1.022617e+01
5.170393e-03
4.178879e-01
1.527972e+01
2.958534e-01
5.918001e+00
4.223534e+02
3.993207e-04
4.160955e+00
9.375955e-03
3.093775e+00
2.216579e+03
5.029831e+01
7.915483e-01
1.870868e+01
6.101671e-01
1.213629e+01
1.815851e+02
6.437573e+00
4.091787e+02
3.588504e+01
5.975310e+03
1.859794e+01
5.420769e-02
4.915665e+00
1.966102e+01
9.584762e+01
2.977081e+02
3.381832e+02
1.193312e-01
1.203405e+01
1.268785e+00
4.822804e+01
5.529336e-02
1.465392e+02
3.140952e+00
6.359455e+00
3.591875e-01
9.246036e+03
2.959378e+00
1.948318e+00
3.216704e+00
2.768646e+01
6.225123e+02
1.910036e+00
2.272100e+03
1.738503e-01
4.798878e+01
2.736636e+02
9.294464e-03
5.289540e+01
1.379541e+01
5.232323e+01
3.590326e+01
3.664884e+02
4.300124e+03
2.481338e+03
9.356607e-01
2.353266e+01
3.637921e-01
1.736330e+01
3.066154e+03
3.591097e+01
3.827483e-01
2.674382e+01
8.350406e-04
8.692165e-02
4.554146e-01
1.268688e+03
8.544794e+01
1.407259e+00
1.059405e-02
2.543411e+01
5.817327e+03
9.022282e-02
1.231864e-03
3.679478e+00
1.425972e-01
2.131262e+03
5.573110e-02
7.455175e-02
2.744995e+00
6.351527e-01
2.517546e+00
1.728945e-02
9.310990e+01
4.440872e-01
8.960557e+02
5.622104e+02
1.988985e+01
9.553810e-01
2.628133e+02
1.248629e-02
4.011646e+02
1.255879e-02
3.670790e-01
1.577607e+00
3.402689e+02
5.600409e+00
3.569730e+03
5.206548e+02
8.164534e+00
5.220734e+00
4.507094e+01
1.514059e-03
3.297480e-02
5.006317e+01
7.651543e-01
3.863624e-02
1.436028e+01
1.645426e+00
8.743706e+01
1.744869e+01
4.583844e-01
9.604944e+00
7.556623e+01
2.105867e+00
7.391531e-01
1.047573e+01
4.500214e-01
2.974015e+00
6.867252e-02
3.431339e+00
8.041665e-02
3.608424e+00
1.153272e+01
5.215760e-01
5.368372e-02
1.309177e+00
1.832920e-01
4.266576e+00
3.328383e+01
3.217671e+01
1.515592e+00
1.237341e-02
1.206215e-01
3.615922e+01
9.564319e-01
1.293954e+01
4.949619e-01
2.650673e+01
6.205952e-02
7.809135e+00
1.588694e+01
6.070948e+00
