1.247890e+01
1.069598e+00
1.202031e-01
2.433747e+00
3.465125e-02
2.852873e-01
6.292517e+01
3.958075e+00
5.194542e-02
2.579454e-01
5.153602e-01
1.114170e-01
6.758930e-02
8.427671e+00
3.783210e+00
2.592966e+00
2.347315e-01
4.976313e+00
5.762587e+00
7.139362e-01
2.131871e+00
7.032044e+00
3.122805e-01
9.206824e+00
4.404994e-01
3.026874e+00
2.937048e-01
2.508145e+00
3.620491e+00
2.701433e-01
4.921907e-02
7.086547e-03
6.067957e+00
1.641284e-01
2.826404e-01
3.134227e-02
5.805442e-02
3.506087e-01
1.854380e-01
1.198090e-01
4.559563e-04
1.482219e-02
3.591447e+00
8.344444e-03
2.743999e-01
2.965150e-02
1.590452e-02
5.641487e-01
3.778890e-01
2.312868e-01
5.050840e+00
6.777754e+00
5.703191e+00
1.999270e-03
4.632241e-02
6.750792e-03
3.561932e-03
1.932029e-01
2.661928e-03
6.933431e-01
3.513465e+00
1.566686e-02
2.300357e+00
5.580155e-03
5.171859e-01
1.075644e-02
1.134596e+00
2.242992e-01
1.638915e+01
7.136108e-02
2.492519e+00
1.269397e-02
2.854676e-02
7.013156e-04
5.678531e+03
8.620632e+02
1.042083e+01
1.728440e-03
3.363302e-01
1.509113e+01
6.499844e-01
5.266060e+00
4.450466e+02
4.030894e-04
3.952876e+00
9.109588e-03
2.049133e+00
2.287080e+03
4.548354e+01
1.203114e+00
1.179016e+01
6.016348e-01
1.203712e+01
2.062746e+02
3.851589e+00
4.350789e+02
4.417670e+01
6.113121e+03
2.271579e+01
5.252063e-02
4.338950e+00
1.086478e+01
1.207377e+02
1.859953e+02
3.468130e+02
1.104262e-01
1.106678e+01
1.882554e+00
4.394024e+01
5.906854e-02
1.344616e+02
3.144595e+00
3.123990e+00
3.946841e-01
6.573490e+03
2.869448e+00
1.888821e+00
2.578759e+00
1.628151e+01
6.179581e+02
2.241217e+00
2.044074e+03
1.732049e-01
5.520698e+01
2.551353e+02
4.993932e-02
5.100250e+01
1.403246e+01
5.325558e+01
3.448499e+01
3.373862e+02
4.464731e+03
3.021059e+03
8.098232e-01
2.347890e+01
3.668878e-01
1.450431e+01
2.647394e+03
3.498586e+01
3.581029e-01
2.559011e+01
7.931079e-04
7.604863e-02
5.328665e-01
1.311286e+03
1.131966e+02
1.260788e+00
1.485129e-02
2.426724e+01
5.900531e+03
9.266750e-02
5.801701e-04
3.673080e+00
1.487927e-01
2.071827e+03
4.710801e-02
8.294388e-02
2.688369e+00
7.098143e-01
3.393963e-01
1.768381e-02
2.020988e+01
4.376993e-01
1.042749e+03
4.561709e+02
1.997609e+01
9.137367e-01
3.082424e+02
1.543781e-02
3.039996e+02
3.445408e-03
3.510041e-01
1.668760e+00
3.706487e+02
6.302706e+00
3.514029e+03
5.925866e+02
9.758783e+00
4.394074e+00
4.199665e+01
1.329680e-03
4.175275e-02
5.701550e+01
8.697756e-01
3.805480e-02
1.393222e+01
1.632720e+00
8.697564e+01
1.828423e+01
4.526376e-01
1.136073e+01
4.815870e+01
2.190640e+00
7.422103e-01
1.062687e+01
4.456151e-01
2.782703e+00
6.787023e-02
3.433399e+00
8.281176e-02
4.030230e+00
1.343395e+01
2.821908e-02
5.374563e-02
1.580474e+00
2.031577e-01
4.264559e+00
5.112281e+01
4.251003e+01
1.797798e+00
1.002625e-02
1.241998e-01
3.456735e+01
8.113954e-01
1.146280e+01
4.639131e-01
2.874897e+01
6.140149e-02
1.035664e+01
1.737969e+01
5.574550e+00
