8.261149e+00
7.952594e-01
1.260911e-01
2.035855e+00
1.634149e-02
3.017093e-01
9.252820e+01
3.598387e+00
4.654093e-02
2.386130e-01
8.377510e-01
1.278085e-01
8.935850e-02
9.823218e+00
4.485157e+00
2.537248e+00
7.779551e-02
4.238624e+00
5.843442e+00
7.772415e-01
2.006106e+00
4.824814e+00
9.787780e-02
7.741908e+00
3.184073e+00
3.030113e+00
3.161592e-01
2.563415e+00
3.423533e+00
2.922960e-01
4.383759e-02
2.119857e-03
6.326690e+00
1.404139e-01
3.303181e-01
3.238545e-02
7.078374e-02
3.540012e-01
2.945086e+00
1.240053e-01
4.630849e-04
1.850964e-02
1.892478e+01
8.134264e-02
1.779069e-01
2.220275e-02
1.688533e-02
5.751440e-01
3.322464e-01
2.752011e-01
5.275216e+00
1.111434e+01
5.802248e+00
2.457862e-03
4.752117e-02
6.705461e-03
3.496233e-03
2.982428e-01
2.905777e-03
7.330985e-01
3.270115e+00
1.584586e-02
3.102578e+00
4.450840e-03
5.235413e-01
1.319716e-02
1.164450e+00
2.510670e-01
1.514420e+01
7.871576e-02
1.897369e+00
1.056395e-02
2.755433e-02
1.954978e-03
8.093919e+03
1.681291e+03
1.217302e+01
4.959565e-03
4.387565e-01
3.863786e+01
2.954167e-01
5.939348e+00
4.549923e+02
8.627641e-04
5.679879e+00
1.025723e-02
2.671128e+00
2.366291e+03
4.600805e+01
7.878875e-01
1.885900e+01
5.931408e-01
1.775858e+01
2.299162e+02
1.118385e+01
4.390203e+02
3.638021e+01
5.398131e+03
1.941382e+01
2.592673e-02
5.141356e+00
1.793971e+01
6.987122e+01
3.432713e+02
3.329554e+02
1.156401e-01
1.047161e+01
1.068787e+00
4.646986e+01
7.900466e-02
1.493019e+02
3.219535e+00
5.491381e+00
3.694825e-01
7.859271e+03
2.423027e+00
1.344515e+00
3.602070e+00
2.770495e+01
5.870961e+02
1.905541e+00
2.478450e+03
1.904373e-01
5.319168e+01
2.340527e+02
8.781649e-03
6.263453e+01
1.267640e+01
5.336837e+01
3.416787e+01
3.771901e+02
4.321579e+03
2.965467e+02
8.457770e-01
3.283475e+01
3.789398e-01
1.611965e+01
3.028320e+03
3.356150e+01
3.871417e-01
2.745631e+01
1.031867e-03
4.383716e-02
3.102440e-01
1.271501e+03
1.606428e+02
1.499159e+00
1.056969e-02
2.201024e+01
5.339191e+03
8.849454e-02
1.168740e-03
3.246518e+00
1.432772e-01
2.132096e+03
4.652775e-02
6.542768e-02
2.803171e+00
6.158979e-01
7.019910e-03
1.802783e-02
9.016454e+01
4.564929e-01
9.010840e+02
3.563587e+02
2.642770e+01
1.028980e+00
2.553191e+02
1.421943e-02
4.097454e+02
1.521254e-02
4.108416e-01
1.671182e+00
3.420083e+02
5.656807e+00
2.772636e+03
7.719446e+02
8.134029e+00
3.606508e+00
3.427495e+01
1.546394e-03
2.726242e-02
3.423022e+01
7.482557e-01
3.830601e-02
1.163422e+01
1.737563e+00
8.029716e+01
1.088937e+01
4.557491e-01
9.478549e+00
5.909474e+01
2.244331e+00
5.566546e-01
1.107629e+01
4.793435e-01
2.838458e+00
6.785026e-02
4.270980e+00
8.059202e-02
3.590480e+00
1.212302e+01
5.645439e-01
6.210598e-02
1.185580e+00
2.030717e-01
4.307949e+00
4.217662e+01
3.086271e+01
1.953884e+00
1.323940e-02
1.798511e-01
2.541925e+01
9.033656e-01
1.000474e+01
5.140024e-01
2.772207e+01
5.754176e-02
6.710665e+00
1.819930e+01
5.611806e+00
