7.962649e+00
1.088115e+00
4.116656e-02
5.444588e+00
1.021196e-01
2.754428e-01
8.943649e+01
2.390185e+00
3.999798e-02
2.296892e-01
1.062914e+00
1.297796e-01
8.544388e-02
1.991737e+01
2.837788e+00
2.374467e+00
8.549273e-01
4.560717e+00
6.009787e+00
8.231357e-01
2.137730e+00
2.923194e+00
6.942630e-02
6.819466e+00
3.221131e+00
3.158264e+00
3.882479e-01
2.566242e+00
3.463275e+00
2.321202e-01
4.205545e-02
2.146600e-03
8.075378e+00
2.879425e-01
2.896395e-01
3.055263e-02
9.643583e-02
3.114886e-01
2.720293e+00
1.348101e-01
6.160772e-04
2.779704e-01
1.277648e+01
3.494616e-04
1.246807e-01
2.575599e-02
9.240284e-03
3.652182e-01
2.325570e-01
2.422713e-01
1.982249e+00
2.389564e-04
8.654132e+01
5.628605e-04
1.752665e-02
6.628827e-03
3.173501e-03
3.894746e-01
4.113860e-03
1.319318e+00
4.506595e+00
1.777862e-02
1.050019e+00
5.511517e-03
7.775877e-01
1.326781e-02
1.328004e+00
2.976925e-01
2.248925e+01
7.109384e-02
1.982847e+00
1.062823e-02
2.471463e-02
1.776027e-03
6.375091e+03
1.754107e+03
9.687807e+00
1.303787e-03
4.023411e-01
3.541097e+01
3.667939e-01
1.015447e+00
3.870639e+02
2.220184e-03
3.338053e+00
7.031944e-03
2.751858e+00
3.287639e+03
4.699019e+01
1.873114e+00
1.665172e+01
5.626779e+00
1.087404e+01
1.167768e+03
1.314106e+01
5.882165e+02
4.225784e+01
8.278199e+03
2.028009e+01
2.525864e-02
2.347673e+01
1.504110e+01
7.482418e+01
6.614065e+02
3.664204e+02
1.097680e-01
1.138990e+01
1.483890e+00
4.988133e+01
5.139150e-02
1.857518e+02
7.560315e+00
5.487423e+00
4.789855e-01
7.139059e+03
1.719120e+00
4.019093e-01
3.428963e+00
3.261627e+01
4.030118e+02
1.601217e+00
2.060614e+03
3.559029e-01
4.719081e+01
3.881241e+02
1.022691e-02
6.688454e+01
1.231964e+01
5.809796e+01
1.051705e+02
4.911500e+02
7.274776e+03
3.680977e+02
9.345166e-01
3.534941e+01
2.078863e-01
1.209766e+01
4.278522e+03
3.280453e+01
4.171561e-01
2.670267e+01
1.101430e-03
4.809803e-02
2.401630e-01
3.994003e+03
1.430105e+02
2.099370e+00
1.033981e-02
9.887925e+02
3.790305e+03
6.336294e-02
2.324411e-04
3.591343e+00
1.802084e-01
2.092409e+03
5.373407e-02
9.717408e-02
6.829474e+00
4.264507e-01
1.765293e+04
1.300303e-02
1.565053e+02
8.765814e-01
2.124187e+03
3.281408e+02
1.256673e+01
6.535458e-01
2.640841e+02
8.863548e-03
6.521689e+02
1.395548e-01
2.183380e+00
1.927280e+00
3.430444e+02
4.369692e+00
2.949107e+03
1.125111e+03
1.490480e+01
4.526052e+00
2.182557e+01
1.380968e-03
6.035634e-03
2.751558e+00
2.805394e+01
8.901924e-02
1.324993e+01
1.972961e+00
5.020112e+01
1.124659e+01
4.668465e-01
8.873969e+00
2.257306e+01
3.019764e+00
6.786994e-01
5.805480e+00
4.945263e-01
2.987628e+00
8.934171e-02
4.108632e+00
7.611353e-02
3.563925e+00
7.690222e+01
2.697781e+00
5.888899e-02
1.192487e+00
2.159672e-01
4.139558e+00
3.841571e+01
2.394383e+01
2.177828e+00
4.902426e-01
2.027034e-01
2.732943e+01
6.653169e-01
2.120232e+01
3.669562e-01
2.830542e+01
5.334591e-02
7.064158e+00
1.814183e+01
4.986989e+00
