1.599781e+01
2.685342e-02
1.778340e-01
3.522981e-02
1.330380e-01
3.446445e-01
3.469981e-02
2.028599e+00
1.479449e-01
2.772622e+01
2.475280e+00
3.247942e-01
8.749459e-01
6.268917e-01
3.555840e+01
1.913342e+01
8.993333e-01
8.758076e+01
2.106678e+00
3.005700e-02
2.700442e+00
6.880548e-01
9.840972e+00
8.379575e+00
1.396996e-01
6.976638e-01
2.845814e-01
1.131367e-01
1.090086e+00
1.261787e-02
3.000085e-04
1.105466e-02
9.111720e+01
3.757658e+00
1.623517e-03
1.205368e+00
9.375079e-04
1.243723e-04
4.990593e-01
4.414699e-04
8.669447e+01
1.573137e-04
5.339186e+01
6.210639e+00
1.101349e-03
1.594088e-04
1.295963e-02
2.825558e+00
4.958337e-04
1.210873e-02
3.740066e+00
5.573206e+00
6.820988e-02
3.031942e-02
5.764415e-02
4.263633e-04
2.603006e-01
5.670897e+00
2.565913e+00
3.726532e+00
1.628733e+00
1.724649e-01
4.430248e+01
1.274621e-03
1.014701e+00
1.001617e-03
8.486268e-04
2.815182e-01
5.158163e-04
2.149711e+00
2.237809e+01
8.851495e-04
1.010239e-02
1.308595e+00
6.462387e-02
5.705003e-03
1.252517e-04
5.308293e-01
4.849409e+00
1.967769e+04
1.186470e-02
3.314778e-04
2.905136e+01
6.920514e-04
3.839554e+02
3.048967e-04
5.981763e+03
2.938899e+02
1.284543e+01
1.728389e+01
3.389934e+01
1.205987e+04
2.394191e+01
1.224828e+00
2.851861e+03
4.979068e+04
1.182072e+00
5.295093e+00
1.710597e+03
3.731772e-02
4.188309e+01
1.538336e+04
2.008133e+02
2.963689e-02
1.467996e+02
4.875925e-04
5.806981e+03
1.282052e-01
5.610606e+00
1.074059e-02
7.239339e+02
6.911492e+00
1.573879e-03
1.605045e+01
5.066071e+03
1.839192e-01
1.086248e+04
1.111213e+00
4.829259e+00
8.327874e-02
1.164300e-03
3.394742e+04
1.395109e+02
4.445227e+01
6.189661e+02
2.057748e+04
5.454589e+00
3.725550e+02
1.356478e+03
6.020705e-03
8.096395e+01
1.230304e-04
1.737385e+00
5.153338e+02
3.669141e+00
2.919482e-04
4.896292e+03
9.729340e+01
2.035684e+02
1.202481e-04
1.685475e+02
4.513396e-01
1.828910e-04
5.279440e-01
1.341742e+02
8.662023e-02
2.954683e+00
4.122971e-02
1.331629e+00
1.045461e+00
7.062327e-02
2.078503e-04
9.791415e-01
1.682433e-04
1.675329e+00
1.082066e-01
7.074400e+04
1.137743e+03
1.926916e-04
1.471728e+04
2.848366e+01
3.593358e-01
2.937424e+03
8.537425e+01
5.254587e+01
4.722997e+02
1.787095e-03
9.562940e+02
6.874751e+03
5.506676e+03
5.044493e-01
4.743959e+00
2.888230e-02
1.209137e+03
6.084240e+03
4.576062e+02
1.096265e+04
2.611312e+00
1.789347e+02
5.011065e+02
1.426510e-01
1.563885e-03
4.405451e-01
6.655238e-01
7.058842e+01
4.320522e+01
2.541239e+00
1.486863e+01
3.289527e+01
7.224629e+01
1.489594e-02
9.029707e-02
4.090075e-01
7.927121e-02
3.443287e-02
4.239518e-01
1.988421e-01
1.631318e-02
6.401614e+01
5.181969e-02
2.337337e-02
7.330666e-01
2.762596e-02
8.960425e+00
6.528050e-01
2.050632e-01
6.440617e+00
1.003025e+00
1.278219e-02
8.761258e-01
2.139121e+01
2.463242e+01
4.033218e+01
2.201601e-01
2.493007e-01
2.032529e+00
3.190966e+01
4.088270e-02
5.038402e+00
2.479073e-02
3.634596e+00
