7.513132e+00
7.868240e-01
7.345543e-02
5.062113e+00
7.343908e-02
3.022468e-01
8.362878e+01
3.828601e+00
4.790562e-02
2.374593e-01
1.118588e+00
1.455775e-01
9.384959e-02
1.017099e+01
4.489398e+00
2.809405e+00
8.522738e-01
4.286117e+00
5.956517e+00
7.694904e-01
2.004390e+00
4.910449e+00
9.559962e-02
8.072817e+00
3.110342e+00
3.090781e+00
3.132418e-01
2.230492e+00
3.346420e+00
3.019687e-01
4.159414e-02
2.044771e-03
6.079529e+00
1.350240e-01
2.614726e-01
2.989804e-02
8.700133e-02
3.529864e-01
2.813259e+00
1.234249e-01
5.178015e-04
2.657435e-01
9.387304e+00
7.218253e-02
1.697209e-01
2.633628e-02
1.651382e-02
5.156817e-01
3.269345e-01
2.494215e-01
2.036664e+00
1.353547e+01
8.868338e+00
1.348764e-03
4.413389e-02
6.386568e-03
3.951267e-03
3.026793e-01
3.138858e-03
1.450027e+00
3.648340e+00
1.642625e-02
2.137577e+00
3.786920e-03
5.047169e-01
1.253798e-02
1.201664e+00
3.210806e-01
1.580236e+01
5.842163e-02
1.525423e+00
1.005959e-02
4.319216e-02
2.021149e-03
6.066229e+03
1.638475e+03
1.115828e+01
1.875348e-03
3.799410e-01
3.778039e+01
3.351785e-01
2.882612e+00
4.494775e+02
2.564196e-03
4.764229e+00
8.686618e-03
2.885709e+00
2.147036e+03
3.708178e+01
8.898517e-01
2.032558e+01
3.853856e+00
1.765400e+01
2.487424e+02
1.210847e+01
4.956594e+02
4.463726e+01
4.447521e+03
1.988651e+01
2.620059e-02
6.380418e+00
1.823491e+01
8.113397e+01
3.597607e+02
3.421171e+02
1.258741e-01
9.033617e+00
1.631303e+00
4.360017e+01
5.797530e-02
1.491502e+02
5.332111e+00
5.510433e+00
3.970270e-01
7.937094e+03
2.286789e+00
6.695761e-01
3.676320e+00
2.754076e+01
6.754885e+02
1.960073e+00
1.928433e+03
2.012170e-01
5.277310e+01
3.458570e+02
3.097207e-02
6.516994e+01
1.259578e+01
5.451260e+01
3.781308e+01
3.907284e+02
5.017080e+03
3.046069e+02
7.329914e-01
3.302437e+01
3.305321e-01
1.500824e+01
3.392367e+03
3.365034e+01
4.120686e-01
2.500091e+01
1.018495e-03
4.464865e-02
3.089254e-01
4.704318e+03
1.711388e+02
2.041333e+00
1.056295e-02
2.106980e+01
3.810431e+03
6.388180e-02
2.951611e-04
4.235530e+00
1.523470e-01
2.220916e+03
4.441060e-02
6.384704e-02
2.383659e+00
5.466890e-01
5.055929e-03
1.785252e-02
7.753549e+01
8.665942e-01
8.828269e+02
3.682307e+02
1.445942e+01
1.015576e+00
2.522947e+02
1.476342e-02
4.177615e+02
1.217024e-01
3.878138e-01
1.956464e+00
3.526695e+02
3.789584e+00
2.788155e+03
9.582055e+02
8.084841e+00
3.496243e+00
3.198935e+01
1.631833e-03
2.425403e-02
1.970234e+01
2.227591e+00
5.298996e-02
1.175139e+01
1.641867e+00
4.575340e+01
1.061895e+01
4.679867e-01
8.717326e+00
1.973777e+01
2.327423e+00
5.574114e-01
1.038331e+01
4.682813e-01
2.465019e+00
6.726598e-02
4.262397e+00
7.665326e-02
3.275519e+00
7.400988e+01
3.555832e+00
6.990822e-02
1.192760e+00
2.091747e-01
3.745971e+00
4.395128e+01
2.848522e+01
1.909494e+00
4.873536e-01
1.901477e-01
2.534901e+01
8.974914e-01
9.944468e+00
4.248777e-01
3.348307e+01
5.623246e-02
6.307577e+00
1.901483e+01
5.630155e+00
