8.028379e+01
7.815995e-01
8.882361e-02
4.908199e+00
7.297975e-02
3.121910e-01
9.051928e+01
3.041290e+00
3.317045e-02
2.517485e-01
2.170402e-01
1.346811e-01
2.771025e-02
1.119362e+01
4.041111e+00
2.521856e+00
7.402155e-01
4.453148e+00
6.141773e+00
7.604760e-01
2.197498e+00
5.940694e+00
1.399087e-01
7.109775e+00
2.477757e+00
3.153977e+00
3.918524e-01
2.386742e+00
3.370137e+00
2.226883e-01
4.122520e-02
2.721764e-03
4.446479e+00
1.236286e-01
2.961178e-01
2.694658e-02
6.132862e-02
3.537144e-01
3.715463e+00
1.283301e-01
5.161525e-04
2.216799e-01
9.098534e+00
2.292379e-02
2.413021e-01
2.739373e-02
1.573716e-02
4.913930e-01
2.422588e-01
2.473719e-01
1.884460e+00
1.956626e+01
6.384895e+00
1.669295e-03
3.676200e-02
6.345434e-03
3.888038e-03
1.641522e-01
3.139660e-03
1.368126e+00
3.579786e+00
1.623443e-02
1.178999e+00
3.595862e-03
5.252389e-01
2.539831e-02
1.189940e+00
3.157649e-01
2.364896e+01
8.169040e-02
3.316029e-01
5.904631e-03
4.502002e-02
1.680140e-03
6.107419e+03
1.434052e+02
1.405318e+01
9.429268e-04
3.203670e-01
4.957617e+01
3.362303e-01
9.212851e+00
4.407412e+02
1.711222e-03
8.375125e+00
8.142301e-03
2.552347e+00
2.369733e+03
4.110210e+01
8.445050e-01
1.664966e+01
3.317922e+00
1.195816e+01
3.019702e+02
1.182046e+01
3.203792e+02
5.031452e+01
4.053140e+03
1.973863e+01
2.250718e-02
8.448984e+00
1.712309e+01
8.416003e+01
4.210826e+02
3.309213e+02
1.118838e-01
9.336216e+00
1.378608e+00
4.250263e+01
8.359405e-02
1.448087e+02
5.271993e+00
5.041196e+00
4.006705e-01
9.627647e+03
2.234537e+00
8.580724e-01
3.636564e+00
2.267314e+01
8.249187e+02
1.785587e+00
1.853873e+03
1.577585e-01
1.432825e+02
1.178072e+02
2.808868e-02
7.934538e+01
1.291519e+01
5.512788e+01
3.347022e+01
3.719671e+02
4.927421e+03
3.394501e+02
5.613724e-01
2.867636e+01
3.574737e-01
1.556354e+01
1.240647e+03
2.801387e+01
3.408461e-01
1.733411e+01
1.016054e-03
4.513960e-02
3.168335e-01
4.908539e+03
1.174605e+02
1.981191e+00
9.120055e-03
1.829012e+01
3.803873e+03
8.139929e-02
2.573778e-04
4.344128e+00
1.193345e-01
2.082259e+03
4.425000e-02
6.970528e-02
2.250900e+00
8.909618e-01
6.534960e-03
1.608270e-02
8.029916e+01
8.705273e-01
5.071181e+02
3.361162e+01
1.579765e+01
1.033452e+00
2.574788e+02
1.688428e-02
4.195075e+02
2.414881e-04
2.290403e-01
2.172229e+00
3.881628e+02
4.768451e+00
3.826726e+03
1.089290e+03
7.804665e+00
3.535444e+00
3.295312e+01
1.629368e-03
2.764832e-02
2.897425e+01
2.217012e+00
4.368643e-02
1.089634e+01
1.682692e+00
4.840680e+01
9.436469e+00
3.976326e-01
8.888423e+00
2.256657e+01
1.906701e+00
5.480584e-01
1.681040e+01
4.447082e-01
2.472878e+00
6.787713e-02
4.293603e+00
1.868933e-01
3.880996e+00
5.048345e+01
3.274848e+00
7.918767e-02
1.190759e+00
2.151709e-01
3.757249e+00
5.304547e+01
6.937719e+01
1.859802e+00
1.865526e-01
2.404317e-01
2.548731e+01
9.151553e-01
1.162782e+01
3.423562e-01
3.523019e+01
8.673922e-02
6.535759e+00
1.893594e+01
5.321499e+00
