5.701114e-02
3.879648e+00
5.788005e-01
2.476377e+00
7.355403e-01
1.747250e-01
4.119926e+01
1.323945e+00
1.244502e-01
1.312754e-02
4.700905e+00
9.589433e-01
1.878459e-01
7.659788e-01
1.656929e+00
8.945934e+00
6.201076e-02
9.698436e-01
5.839235e-02
1.528003e-01
7.566809e-01
3.322163e+00
2.846752e+00
2.452242e+00
2.177209e+01
8.706889e+00
1.167317e-01
1.624863e-01
5.390911e+00
1.282045e-01
6.438572e-01
7.978570e-04
2.928400e-03
9.517987e-02
4.024635e-01
3.097510e+00
4.662764e-01
2.008610e-01
2.257346e-01
1.442240e+00
4.489771e-01
2.123353e-02
3.238615e-03
3.880471e-01
4.022540e-02
2.372720e-02
3.192499e-03
3.545911e+01
3.570162e-01
4.498636e-03
2.996574e-01
3.111368e-04
4.571199e-01
5.619398e-02
2.618616e-01
5.126382e-02
3.709345e+00
3.191772e-01
1.668484e-02
2.564733e+00
5.877262e-02
5.285970e-01
2.046740e-01
1.002905e-02
1.385338e-02
3.454349e-01
2.174190e-01
1.283681e-02
3.322103e-04
3.994636e-02
2.231647e-03
5.829919e-03
1.248567e-01
1.803029e+00
1.455675e-01
6.604211e-04
2.440294e+01
3.808867e-02
2.428047e-02
9.455293e+00
2.980494e-02
5.703676e-03
3.745031e+03
9.585813e-01
6.386684e+00
2.044232e-03
4.034395e-01
5.396185e+02
1.641141e+01
1.704078e-03
2.955412e+01
8.610495e+03
2.973265e+01
4.629560e+02
8.414449e+00
3.144916e+03
1.761977e+03
1.027990e+03
4.046617e+01
6.148533e+00
5.138222e+02
1.694336e+01
7.633519e+02
7.016224e+02
1.132636e+01
9.844325e+01
6.286866e+01
9.259098e+00
1.124888e+00
7.560123e+02
6.232411e+02
6.864633e+00
1.641972e-01
4.930548e+01
1.110219e-03
1.800184e+01
1.584442e-03
1.252829e-02
8.207196e+00
1.165164e+00
6.167330e+01
2.585878e+00
2.938916e-03
4.485572e+01
1.186125e-02
2.063046e+01
4.517483e-02
1.579797e+03
1.161589e+01
3.886515e+03
5.077222e+02
9.393234e+02
1.805132e+03
9.979896e-01
4.106256e+01
1.255127e+03
4.908501e+03
2.993190e-01
4.377734e+02
4.109204e+02
2.286087e+03
8.105708e-03
2.078651e-04
1.616595e+00
2.453119e+02
1.478449e-04
6.990791e+04
8.086784e-01
1.964693e-01
7.377480e+00
3.816674e-02
9.458444e-03
2.451869e+01
2.629208e-01
3.136263e+03
1.306372e-04
1.172487e-01
1.731198e+04
1.202624e-03
1.700902e+01
4.964179e+03
3.210180e-01
1.539396e-01
3.913399e+02
3.074187e-03
1.899705e+02
6.894933e+00
5.851065e+01
3.938856e-02
3.019507e-03
8.053421e-04
3.553013e-01
2.197830e+03
1.840202e+02
1.496503e+02
1.026578e+00
1.943617e+01
6.755810e+02
1.576044e-01
1.340989e+01
1.096608e-03
3.471491e-02
9.788107e+00
1.971571e+01
1.316800e-01
2.417983e-02
5.929216e+00
6.685213e-02
5.340191e+00
6.071272e-02
1.492757e+01
5.027866e-01
4.801119e-01
4.457322e-02
1.181266e+00
1.565405e+00
9.480217e+00
1.459407e+01
7.638512e-01
4.394267e-01
4.026593e-02
1.706844e+00
7.963227e-01
1.177965e+00
3.188546e-01
2.942995e+00
5.230443e-01
7.531969e-02
7.290320e-02
4.019258e-01
1.801990e+01
3.252877e+00
2.650804e-01
3.383958e+00
2.884386e-01
2.112647e-01
2.642726e+00
9.808512e-01
2.019883e+00
2.983317e+00
6.750088e+01
