8.369738e-01
3.248012e-01
1.069863e+00
1.551645e-01
2.584650e-01
1.692248e+01
9.487394e-02
1.599997e-01
5.819589e-02
2.615813e-02
2.019274e-01
1.987440e+00
3.352287e+00
2.372374e-01
2.158930e+00
1.168253e+01
4.207105e-02
4.823419e+00
7.278935e-02
1.214305e+00
1.001689e-02
3.425738e-02
2.801100e+01
1.847840e+01
1.220231e+00
4.835441e+00
3.693873e-01
5.194620e-01
8.583689e-01
5.910221e-01
3.313485e-02
5.750593e+00
1.225175e-02
1.090029e-01
3.902785e-01
4.001301e-02
2.165038e-01
9.970808e-02
1.842050e-02
1.599383e-01
4.465084e-03
2.083265e-01
1.107295e+00
6.243173e-01
8.738780e+01
1.793877e-03
4.784668e-02
4.871412e-02
2.021604e+00
4.964673e-01
4.050743e+00
5.053760e-04
3.790409e-01
2.240042e-02
4.916699e-03
2.768528e-03
1.255443e-02
2.492504e-02
1.484277e+01
2.098427e-01
6.456420e+00
1.873752e-02
3.641868e-02
2.953925e+00
1.315339e+00
1.182458e-01
1.389541e-01
2.053710e-03
3.505471e-02
8.020800e+00
8.729366e+00
2.014129e-02
1.971448e+00
6.562834e-02
2.884911e-01
4.065129e+03
8.181035e-03
3.912050e+00
1.110296e+01
1.118850e-01
1.116294e+02
1.155830e-01
4.553306e+01
5.978396e+00
3.862471e+00
2.212351e+02
3.785468e+02
5.241848e+00
5.829134e+02
6.830686e-01
8.063815e+02
5.824646e-02
2.880566e+00
1.084721e-01
3.692085e+02
2.487586e+00
1.322263e+02
4.960322e+02
2.352814e+01
3.318189e-03
1.765831e+02
4.585640e+00
1.356247e+02
2.359664e-02
3.051715e+01
1.094846e+01
2.173310e+01
5.198551e+02
3.792943e+01
3.987613e-03
1.713943e+01
8.430939e-01
4.970992e-02
1.422326e+01
2.114760e-02
8.178959e+01
1.467252e+02
6.745821e+01
2.233994e+03
2.337256e+01
3.521455e+01
1.377460e-01
2.626394e+03
2.450331e+00
1.578081e+02
3.203621e+00
3.407981e+03
8.769015e+00
1.148590e+02
3.982707e-02
8.014030e+01
2.489475e+02
1.919500e+02
9.973860e-02
1.371954e+03
1.108616e-01
2.224305e+01
7.289165e-02
5.950938e+02
2.610586e+00
5.591913e+01
7.036185e-02
3.006531e-02
3.722339e+01
2.092166e+03
2.832976e+02
2.569545e+01
2.767497e-03
1.168589e-03
1.312174e+03
6.723875e-02
1.767745e-02
5.622419e-04
6.499923e+04
8.880512e-04
4.773044e-01
2.510253e-01
8.751952e-02
1.567225e+03
4.814577e-01
9.067156e+04
2.680186e+02
3.270372e+01
2.326126e+01
2.342500e+01
6.161969e+01
3.030505e+01
1.036147e+01
1.737993e-01
1.630469e+00
7.780409e-03
3.325414e+02
1.561874e+01
9.248482e+01
2.998322e-04
7.854054e+02
8.811386e-01
8.697456e+02
3.474073e-02
6.150062e+02
2.370687e-02
2.481756e-03
1.645573e+01
1.910107e+00
9.134783e-02
6.067074e-01
3.386577e+00
1.720542e+00
6.373486e-02
3.121519e+00
8.810480e-02
2.377811e-01
9.802535e-02
1.011625e-01
1.213084e+01
2.042005e-01
6.952544e+00
4.652167e-01
7.705381e+00
9.240540e-01
6.286889e-01
1.350803e+00
9.329497e+00
4.517369e-01
3.855165e+00
2.275312e+01
4.457714e+00
2.860636e+00
3.161691e-02
1.971219e+01
2.311328e+00
1.728247e+00
1.143752e+00
1.760139e-01
4.115001e+01
5.667929e-02
6.362672e+01
4.260780e+00
1.733411e+01
4.500932e-01
1.842451e+01
