2.085903e-01
1.716804e+01
4.117678e+01
5.901878e+00
9.057821e-01
3.540920e+01
2.059300e+01
8.194552e-01
6.091680e-02
2.087534e-01
9.092676e-01
1.130320e+00
4.998663e-01
2.581801e-02
9.538920e+00
1.534241e+01
1.554626e-01
7.577462e-02
5.294096e-02
7.990467e-01
2.431174e-01
7.334167e+01
3.309591e+00
5.958766e-01
2.196732e+01
3.468804e+00
4.582679e-02
2.572933e+00
2.729862e+01
2.157524e-02
1.500652e-01
1.558050e-03
2.689628e-02
1.136405e-04
6.473125e+01
1.425089e-03
1.928642e-04
1.543116e-02
3.288253e-02
7.797308e+00
2.961199e-01
6.965847e-04
2.540461e-03
1.230091e-02
2.707607e-01
7.123182e-01
1.131609e-01
1.426269e-03
5.527532e-01
2.297433e-01
2.134121e+01
8.404197e-04
6.673921e+01
2.448578e-01
3.674135e+01
4.375684e-02
4.443017e+01
5.636113e-01
3.633763e-04
1.085872e+00
1.353883e+00
1.524392e+01
3.640874e+00
6.383517e-04
2.235040e-01
5.316683e-02
1.174465e+00
1.344505e-02
8.004814e+01
2.558437e-02
2.909188e+00
4.477399e+00
6.335957e+00
2.229476e+01
8.846713e+01
8.882232e-04
6.126390e+00
7.076905e+01
1.565092e+00
2.077853e+01
1.350573e-02
9.215279e-02
2.926416e+01
1.631767e-04
6.689762e+01
6.493562e-03
6.640451e+01
6.740576e+03
6.225380e+00
1.460822e-01
9.251246e+02
2.196713e+04
2.181990e+02
1.452151e+01
1.437508e+01
8.963482e+04
4.620087e+02
1.346301e+04
6.067210e+03
6.450946e-01
6.556865e+02
3.462684e+01
1.905718e+01
1.811727e+04
2.513020e+01
3.029059e+03
3.880903e+02
1.594899e-01
8.584249e+00
2.825629e-03
8.241074e+03
3.328729e-03
1.850376e+00
4.137372e+01
1.388199e-03
2.948432e+03
4.782307e-03
5.916646e+04
2.524488e+01
6.889643e+04
4.851453e+02
4.168674e+00
2.080093e-04
1.853964e+02
1.191225e+02
3.677045e+00
2.588042e-01
1.687638e-02
6.353373e+01
1.056683e+03
2.951377e+02
8.107167e+04
1.130393e+02
9.774368e+04
5.165501e+00
5.588633e+02
6.578136e+02
8.113168e+00
7.349575e+03
1.002688e+03
1.749563e+00
2.510280e-03
1.731345e-04
5.665317e+03
3.914875e+02
1.722855e-04
7.768630e+01
3.329836e-01
4.589248e-03
3.970783e+00
4.966257e-02
1.185069e-03
5.650823e-03
1.045559e-02
4.063453e+04
3.062150e-01
1.539173e-03
1.541118e+03
5.820162e-03
5.406676e-04
1.318667e+04
3.380774e+03
7.602421e+02
6.709292e+01
1.014572e-03
3.569600e+03
6.053120e-01
1.670045e+00
9.695149e-02
3.836294e-03
1.074669e-04
1.725422e+00
4.631820e-02
9.280803e+00
1.600778e-01
4.425744e+03
6.315408e-03
9.689019e+01
3.732120e+02
1.976926e+01
2.481671e-03
1.308289e-01
5.998469e+01
2.721185e+01
9.510477e-02
1.636396e-02
2.551882e+00
4.324582e+00
6.734535e+01
1.137629e-01
6.763208e-01
1.751864e-02
3.598106e+00
1.529671e+00
1.682042e+00
1.109329e+01
5.541310e+00
1.807595e+01
3.317407e-02
4.765830e-01
1.690216e+00
9.910004e+00
4.721604e-02
9.943270e-02
7.597055e-02
1.528993e-01
4.692030e+00
3.165571e-02
1.235687e-01
3.581759e-01
3.319256e+00
3.164105e+00
4.471485e-01
7.149075e-02
2.293232e-02
1.670783e-01
1.631616e-02
1.477915e-01
6.135221e-01
6.247153e-01
3.534744e+02
