5.350772e-01
1.126945e+00
2.482011e-01
2.003371e-01
3.379286e-01
4.564215e+00
9.090910e-01
3.833276e+00
1.650423e-01
2.271451e-02
5.296474e+01
4.654415e-01
3.793258e+00
4.803502e+00
5.258752e+00
4.033342e-01
3.270419e-01
7.436095e+00
2.330187e-02
1.425460e+01
3.875831e-01
2.040194e+00
1.428862e-01
2.478702e-01
9.664393e-01
4.719594e-01
2.014781e+00
3.441676e+01
5.241099e-01
6.160472e-02
2.026019e-02
5.490615e+00
3.759131e+01
6.890776e-03
1.150987e+00
2.400744e+00
7.051321e+00
3.457404e-01
3.063078e-03
2.068364e-02
1.178535e-03
5.868380e-01
1.209848e-01
1.988239e-01
4.691042e-04
1.421399e+01
1.371182e-01
1.615914e+00
1.138724e-03
1.849617e-03
1.910372e-02
1.471340e-01
1.425145e+00
3.798636e-01
1.277207e-03
2.825241e-01
2.015202e+00
7.991369e+00
6.793056e+00
5.424189e-02
4.169079e-02
4.586585e-04
1.157672e+01
3.592443e-01
3.136248e-03
8.265497e-01
7.875739e-04
7.709910e-04
7.014825e-02
1.148297e-02
1.118942e+00
7.863424e-04
9.011173e-01
7.292405e-04
5.379285e-02
2.706705e+01
2.665480e+03
2.886165e-02
3.732804e+01
8.519154e+01
7.038277e+01
1.012201e+00
6.083852e+03
3.499282e+00
5.759640e+03
1.208813e-03
7.289719e+01
2.838995e-01
9.915145e+01
8.426094e+00
2.040249e+03
7.041913e-01
2.389973e+00
5.493897e-01
9.695866e+02
4.232192e+01
1.148942e+03
4.415757e+04
6.289927e+02
7.311373e-04
1.045230e+02
1.702579e-01
3.786279e+01
2.228473e+04
2.860274e+02
1.217965e+02
5.290748e+02
4.143012e-02
7.328075e+02
1.381766e+02
1.788734e+02
1.436658e+02
2.992087e+03
3.828558e+03
2.485725e+01
9.694054e+03
1.723683e+02
8.308679e-04
1.464086e+03
2.417587e-01
1.929896e+01
7.536318e+01
7.449746e+00
3.426937e+02
1.934760e+01
2.226265e+00
2.079368e-03
4.040521e-01
1.811556e+01
5.671944e-03
1.462281e+00
7.285074e+00
9.408935e+00
2.077068e+03
1.911927e+02
1.365358e+01
1.809051e+01
5.590982e-02
7.991777e+00
6.325265e-02
4.602691e+01
5.083040e-04
5.558421e-01
3.209187e-01
3.957412e+00
1.826617e+02
2.008496e+01
5.402507e-01
4.199136e+03
6.629716e+02
5.004189e-03
2.991558e-04
1.759488e-03
1.452154e+02
5.642156e+00
3.558366e+03
1.562039e+01
3.053551e+00
1.330702e+04
2.883481e-02
5.990993e+01
1.465348e-01
1.803921e-02
5.100621e+00
1.534495e-02
8.526525e+02
1.720153e+01
8.429545e+03
2.495413e+00
7.945340e-02
1.780063e-02
6.656196e+00
1.515016e-01
4.904987e+00
3.172578e+01
3.082078e+00
1.164224e+03
3.586625e+00
8.476219e+04
9.836028e+03
6.769111e-03
8.895985e-03
3.741639e+00
2.991777e+00
3.249094e-01
8.281041e-01
4.571024e+00
2.572544e-02
1.086746e-01
4.954996e+00
7.650554e+00
1.386939e+00
1.154707e-01
1.013930e-02
5.801634e+00
3.562743e+00
4.062319e+00
1.595755e+01
8.929588e+00
3.260543e+00
1.333355e+00
1.079695e+00
1.658141e+01
5.206140e+00
6.010881e+00
2.311859e+01
1.044402e-01
1.296957e-01
3.398062e+01
5.546050e-01
2.318856e-02
6.115229e-01
1.262800e-01
2.070799e+00
3.334960e-02
1.688576e+00
4.749278e+00
1.147400e+00
2.650468e+01
2.503938e-01
1.200330e+00
