1.174601e-01
5.014137e+01
6.762243e-01
6.880050e+00
1.737364e-01
7.325152e-02
1.403281e-02
1.999471e-02
1.372530e-01
1.082086e-01
2.390562e+00
2.533867e+00
9.012255e-02
3.802231e+00
1.996810e+00
4.815047e+00
1.343375e+00
3.652091e-02
4.542432e-01
1.721478e+01
9.092864e+00
5.043704e-02
3.226366e-01
1.922304e+00
4.283488e+00
1.054759e-01
6.781682e-01
1.373803e+01
1.043413e+00
4.740895e-01
1.785448e-02
6.858118e-02
1.290632e+00
9.642144e+00
5.008067e-01
8.237625e+00
3.977468e-02
3.864295e-01
1.210285e+00
9.374193e-04
9.815224e-04
3.789803e-01
2.191594e+00
2.067492e+00
8.477526e-03
7.793903e-03
7.794666e-01
9.174837e-04
1.032405e-01
1.970447e-02
5.170899e-02
5.298530e-03
1.152581e+00
5.303970e+00
1.707900e+01
3.924595e-04
3.553852e-03
2.255624e-01
6.287672e-03
1.032595e-03
1.904857e+01
8.907266e-03
1.425600e-01
5.104366e-02
3.646672e+00
6.441211e-04
1.382371e-04
8.815577e-01
1.690958e-03
2.949710e-04
1.445316e-03
2.197059e+01
6.068507e+01
7.586744e-01
1.836896e+02
4.041357e+01
3.152648e+02
3.870936e-02
1.142025e+04
3.043714e-01
3.639310e-04
2.092496e-02
8.963885e+00
9.487680e-01
5.853794e+00
2.305875e-01
2.027598e+03
6.136383e+01
1.350323e+01
1.564611e-02
6.567363e+02
1.277822e+01
9.623629e+00
1.062418e-02
6.773788e+01
4.510320e+01
6.951897e+01
2.052170e+01
2.819632e+00
1.724402e-01
4.717544e+00
1.905334e-02
4.575123e+03
8.575095e-03
3.922821e+02
2.960810e-02
1.021548e+03
2.851737e+02
2.289058e+03
6.654546e-01
1.082288e+02
4.472043e+01
5.638489e+02
4.218212e-01
9.937790e+02
9.756035e-02
2.146749e+02
1.498536e-01
1.229541e-02
1.052060e+03
5.166338e+03
7.272164e-01
1.035927e+04
2.811611e-04
1.174835e+00
7.024762e+00
1.722817e+01
2.477527e-01
2.354401e+00
7.937026e-01
3.229214e+01
2.728577e+02
2.335710e+00
2.734685e-03
5.288336e+03
5.814705e-01
4.932275e+01
3.034549e-03
1.352282e+03
1.110492e+00
6.649683e+00
1.720437e-02
2.101798e-02
3.805134e-01
2.592892e+00
2.253538e+00
3.964500e-01
1.194945e-03
3.811197e-01
4.973781e+02
5.329219e-02
9.486979e-04
7.905489e+01
1.272048e+03
3.127697e+03
8.581536e-02
1.873107e-03
9.937295e-01
7.603320e+00
1.649831e+00
1.211466e+00
2.307150e+01
2.149763e-01
2.983661e+01
1.098580e-01
4.827321e+02
1.799183e+03
9.267959e+02
2.325328e-03
7.660652e-02
5.038655e-02
3.929079e-02
2.994764e+03
6.592115e+00
2.999060e-01
1.188734e+03
1.032412e-01
1.206224e+01
3.497673e-02
2.001421e+00
4.459399e-02
6.386267e-01
2.085414e+00
1.602561e+00
1.031743e-01
2.827301e+01
1.176642e-01
3.652476e+00
3.373535e+01
9.460238e-02
8.505198e+00
1.528241e+01
7.373791e+00
8.405844e+01
2.611131e-02
2.506466e-01
4.007027e-02
2.564772e+01
4.187523e-01
8.944684e+00
6.146584e-01
4.943410e-01
8.839235e-01
2.853474e+00
2.333401e-01
3.166827e+00
3.949617e+00
5.054736e+00
3.245927e+01
1.584422e-01
4.337270e+01
7.614854e-02
1.494330e+00
5.648694e-01
2.039388e-01
2.200002e-01
6.462903e+00
4.953844e-01
1.860238e+00
1.326419e-01
9.114296e+00
