3.519135e-02
6.756965e+00
9.057320e+01
9.165055e-01
1.618512e-01
1.088914e-01
4.071737e+00
1.130969e+01
1.411071e-01
3.993095e-01
1.135917e+01
3.253796e-02
4.805640e-02
1.988203e+00
4.788575e-02
8.016054e-01
1.396957e-01
4.716712e+01
1.131745e-02
8.063038e-01
3.315978e+01
2.536583e-01
3.142020e+01
8.398667e-01
4.756334e-01
2.986938e-01
5.090775e-01
7.015012e-01
3.041330e+00
6.593363e-01
2.563319e+01
3.314159e-02
2.741364e-03
8.318471e-03
1.769293e+00
1.390257e-01
6.414105e+00
3.885094e+00
9.404471e-02
2.440719e-04
3.575671e-03
1.406599e-02
4.725654e-01
7.982158e+01
2.459927e+00
2.705088e-01
2.867384e-01
5.786148e-03
6.752514e-03
1.025099e-03
3.012117e-02
7.051043e-01
1.466124e+01
5.961038e-03
8.046395e+00
3.378095e+00
1.085664e+00
2.206911e+00
2.058528e+00
7.664773e-02
2.229275e+01
1.198088e-02
1.394411e-01
7.205438e-04
5.513467e-04
1.083569e+01
3.101949e-04
8.791241e-03
9.276170e-02
2.544341e+01
9.530433e-02
1.758105e+00
3.476663e-01
7.304448e+00
5.914064e-03
3.912178e-03
8.785145e-03
1.410694e+03
4.107142e+03
2.913665e+01
2.121213e-03
3.347700e+00
1.013311e-02
8.706027e-04
1.813919e-01
1.253948e+03
4.943014e+01
3.739488e+02
1.568022e+01
3.652229e+00
4.374890e+02
1.677987e+03
1.440174e+01
1.837323e+01
8.551859e+02
9.356190e+00
1.614129e+03
3.399595e+02
1.397912e+01
9.814118e+04
2.678080e+01
8.487573e+02
3.353347e+03
1.188998e+01
1.280262e+03
1.092976e-01
5.474429e+01
2.689097e-02
9.316226e+02
9.451711e+01
7.329010e+00
1.109739e+03
5.842202e-01
2.379359e-03
2.050848e+00
4.243057e+00
2.329660e+02
2.100392e-02
1.174597e+02
2.802193e-03
1.467755e+04
4.660321e+00
1.108667e-02
5.426639e+03
5.087893e-02
1.126360e+01
1.877181e-03
3.865608e-01
2.532509e+01
3.771454e+01
2.327425e+00
1.007020e+03
2.976619e+02
4.074733e-02
8.374548e+02
3.620908e+01
8.208348e+01
2.044089e+00
4.024920e+02
4.308901e+03
5.968591e+03
7.237907e-01
5.979473e-03
3.743125e-02
3.353487e+02
6.586350e+01
5.623765e+00
4.373468e-03
1.312366e-02
7.064544e+01
2.637840e-02
4.758258e-04
8.208069e+00
3.471709e+00
5.933323e+01
7.505688e+04
4.385848e-02
6.399759e-03
2.941057e+01
2.843569e-03
3.392698e-01
7.830734e+02
8.802176e+01
3.228001e+01
5.943179e+02
3.180021e+02
4.470698e-02
1.377334e+03
3.909117e+02
8.882840e+01
3.174438e-01
8.142112e+03
9.895998e+03
2.167676e+02
3.269968e+00
9.673530e+02
1.254069e-03
1.747881e+02
2.641228e-03
4.011416e+01
1.004174e-03
6.249115e-03
1.373214e-01
8.675243e-02
9.766072e+00
9.801245e-01
1.989075e+01
1.143008e+00
1.700032e-01
9.000610e+00
1.533213e-01
9.045467e-01
2.625328e+00
4.882997e-02
5.472144e+00
4.988739e+00
1.153233e+00
1.617896e+00
3.190254e-01
5.975145e+01
1.666334e-01
9.891512e+01
3.170512e+01
4.145343e-01
2.925436e+00
6.421764e-01
1.868090e+01
6.765590e-01
3.350818e+00
9.839565e-02
3.276945e-01
5.485567e-02
5.456772e+01
1.172297e+01
6.639107e+00
4.028058e-02
8.889140e+00
1.328613e+00
9.724848e+01
5.728061e-01
2.991138e+01
