1.439629e-01
4.626790e-01
1.879890e-01
2.114827e-01
2.314116e-01
4.306827e+01
1.449556e+00
8.960934e-01
9.732419e-02
7.573759e+00
2.217040e+01
1.235413e+01
3.849946e-01
9.889308e+00
2.344318e-02
2.997829e+01
3.436357e+01
7.731939e-01
1.045771e+00
5.731150e+00
9.560130e-02
1.937862e+00
3.515541e-01
2.812098e-01
1.539136e+00
2.427654e-01
1.059252e+00
7.838499e+00
5.055017e-01
3.470138e-02
3.882989e+00
7.308812e+00
1.563303e-01
6.094159e-02
8.085351e+00
8.748598e+00
3.412005e+00
1.169344e+00
2.261312e-01
3.473318e+00
1.816866e-03
1.035087e+00
3.647735e-02
2.476044e-03
1.457648e-01
2.100811e-01
2.294209e-03
1.454014e-02
3.730879e-03
3.150572e-03
4.692355e-02
4.586724e-02
8.572453e-02
1.444228e+00
7.862359e-04
1.768968e+01
1.765190e-03
9.751564e-01
1.505687e-02
1.409411e-02
1.050480e+01
5.189831e-03
5.649887e-01
9.724984e-02
1.324130e-03
1.290612e+00
1.008897e-02
3.064961e-02
4.959319e-02
8.186707e-03
2.191103e-01
9.747635e-02
1.933072e+01
3.331153e+01
1.213249e+03
3.247098e+02
1.265308e+01
2.513664e+01
3.621481e+01
3.224956e+01
3.607808e+04
8.538496e+02
1.817376e+02
2.070594e+03
9.608008e+01
5.526849e+00
8.736434e-01
3.429043e+01
1.208646e+03
1.164519e+01
4.774092e+02
9.186646e+02
4.625891e+03
1.611030e-01
1.940488e+03
7.055526e+03
6.997049e+01
1.461618e-01
2.758701e+03
4.170471e-03
3.448590e+01
1.296171e+02
1.750078e+02
1.094317e+01
3.053320e+01
6.362962e+00
3.268908e+03
7.497737e-01
1.944315e+03
4.893845e+00
2.895927e+02
5.601223e+03
5.253373e+02
3.746556e+01
8.206887e-01
7.967475e-04
6.541504e+03
2.667938e-04
2.479818e-03
7.272563e+01
3.959563e+01
3.653749e+03
1.537464e+04
1.720739e+03
3.102608e-04
8.144952e+03
3.057013e+00
4.510263e+03
3.701720e+03
7.147329e+00
1.561252e+02
4.180118e+01
3.117477e+00
1.171504e+01
2.263259e+03
2.998092e-01
6.704213e+01
6.302337e-02
3.071560e+02
6.167429e-02
5.960543e+01
2.997650e-04
2.070752e-02
1.139763e+02
1.191844e+02
1.568509e+02
6.442224e+01
8.753459e-03
1.839580e+01
1.580358e+02
5.129421e-03
1.282679e-02
1.439465e-04
9.498194e+04
9.916417e-02
3.748321e+02
1.441866e+01
1.924751e+00
6.857619e-01
1.034799e-04
1.035542e+00
1.635937e-04
1.301460e+02
6.922430e+02
2.118531e-02
3.216381e+01
5.513114e+03
1.552596e+03
3.057932e-02
4.249066e-03
2.590612e-02
2.679410e+03
7.804797e+01
2.466952e+02
1.080970e+03
6.635184e+01
3.432097e+02
5.466415e+00
3.628432e-02
8.959643e+02
8.970223e-02
1.409560e-02
1.966786e+01
6.235523e-01
7.155569e-02
1.741413e-01
2.145384e+00
3.508501e-01
1.992067e+01
3.312110e+01
9.233902e+00
1.930495e-02
7.466887e-01
5.518883e-01
9.852129e+00
3.847061e-01
2.428046e+00
7.564265e-01
1.321080e+01
1.632405e-02
3.417000e+00
3.892694e-01
1.016231e+01
1.322329e-01
4.891852e-02
1.935121e-02
1.246314e-01
7.006594e-02
1.395393e-01
7.361032e-01
1.091424e+01
5.119753e+00
1.912891e-01
1.502578e+00
3.859223e+00
7.563446e-02
6.005903e-01
6.349618e-01
7.758548e+00
5.908083e+01
8.549643e+01
