6.319095e+01
8.559169e-02
8.579913e+00
1.534358e-02
3.652562e+00
3.844096e-01
2.158681e+00
3.468936e-02
2.159434e-01
3.197967e+00
8.636028e+00
9.084340e+00
1.782453e-01
1.861585e+01
8.167166e+01
3.138301e-02
3.913273e-01
3.678687e-01
8.680571e+00
2.263465e-02
1.263653e-02
7.852782e+01
6.675856e+01
3.333149e-02
2.163517e+01
2.712906e-01
3.464724e+01
1.922714e-01
3.879876e+00
5.895917e+00
9.961681e+01
3.116866e-04
2.483018e-01
4.060737e+00
6.836562e+00
4.509101e-02
4.267051e-03
1.715869e+00
7.262152e+00
2.020946e+00
2.724748e-04
6.894392e-02
2.860511e-01
1.768505e+00
9.917725e-03
2.098420e+01
1.363602e+01
3.641524e-01
3.848196e+00
1.349448e+00
2.728978e-03
4.005020e-02
9.189187e-03
2.848273e-03
2.613895e-04
2.125759e-03
2.058314e-02
5.408326e-02
5.175251e-01
9.475198e+01
1.024529e+01
2.487446e-04
7.834210e+01
8.309908e-04
2.745023e+00
1.439678e-01
3.259347e+00
1.231344e-02
6.367833e+00
9.415351e-04
1.630306e-01
1.066905e-04
5.236538e-02
5.322219e-04
5.362522e+03
5.784876e-01
5.945923e+04
3.946592e-04
2.102253e+03
6.362227e+00
1.258621e-02
5.280796e+01
8.188054e-04
1.882488e-01
1.545722e-02
3.527148e-01
1.610003e+02
2.243376e+03
6.906032e+03
2.742252e+02
1.965418e+03
1.550435e+04
1.565385e+02
6.274748e-01
5.461549e+01
2.005896e+01
2.687937e+02
2.079329e+03
3.264218e+02
7.964383e-02
1.104725e+02
8.804472e-04
6.101858e+01
1.665375e-01
6.186075e+00
6.350808e+02
2.586815e+02
2.853003e-01
1.832270e+01
5.703247e+00
1.152482e+02
2.812547e+01
1.292703e-03
2.079237e-02
1.268034e+02
1.067171e-02
2.621964e+02
2.880496e+00
1.032957e-04
3.873057e+04
7.773218e-01
9.836149e+02
1.568971e+01
5.378919e+04
8.686904e+03
1.369426e+04
2.492604e+04
3.291898e-04
1.071540e+02
1.937587e+00
1.224810e+00
1.710036e+03
1.377020e+02
4.068907e-01
1.269297e+01
1.591191e+04
1.032098e+02
1.145281e+04
1.326187e+02
1.135839e-03
1.788748e+01
3.533103e-03
2.617848e-03
2.810334e+03
2.149587e+00
1.054013e-04
1.052758e-02
6.436005e-01
8.802304e-01
1.329076e+00
1.703432e-01
2.295143e-04
1.662476e-02
2.361286e-02
1.458944e-02
6.990511e+04
1.363392e+02
1.055885e-01
6.608929e-03
5.810947e-04
2.153616e+02
2.515551e-01
2.859386e-01
2.307793e+03
8.355297e+04
5.819241e+00
5.184543e-03
1.393047e+03
2.863978e-01
2.042887e+03
1.655467e-04
5.673692e-02
1.303063e+01
1.688615e+03
7.682535e+04
1.005094e+01
7.689705e+01
2.390256e+03
6.495992e+02
1.387971e+03
3.337598e-04
4.294602e-01
2.033713e+00
6.387612e+00
2.449345e-01
3.111763e+01
4.161998e+00
2.405400e+01
2.143086e+01
1.496687e-01
4.405970e-01
3.602863e+00
8.206166e-01
2.631288e-01
1.118000e+01
5.433148e-01
5.285673e+00
9.070144e+00
5.023843e-01
1.252233e+00
2.422059e+01
1.217252e-01
3.049668e+01
3.248323e+00
9.161200e-01
2.334828e+01
4.577192e+00
1.337223e-01
6.920471e+01
1.288719e+01
1.258739e-01
7.234836e-02
8.811004e-02
2.722880e+01
2.546380e-02
8.307685e-01
6.783172e-02
2.118387e-02
6.106090e-01
1.211465e+00
3.001090e+01
