5.323028e-01
1.117250e+00
2.652108e-01
2.417846e-01
3.273933e-01
4.594994e+00
9.305878e-01
3.875128e+00
1.996791e-01
2.159689e-02
4.416297e+01
4.872973e-01
4.175786e+00
4.986815e+00
7.595244e+00
4.080315e-01
3.261506e-01
7.121488e+00
2.147894e-02
1.496068e+01
3.795046e-01
1.896858e+00
1.718969e-01
2.566284e-01
9.605098e-01
3.842521e-01
2.324407e+00
3.356682e+01
4.480485e-01
5.186620e-02
1.121115e-02
5.518441e+00
3.201860e+01
6.383345e-03
5.836630e-01
2.537988e+00
7.070781e+00
3.498952e-01
3.767979e-03
2.035946e-02
1.203875e-03
6.893754e-01
1.466428e-01
1.613721e-01
4.362046e-04
1.326375e+01
1.148345e-01
1.483764e+00
1.135949e-03
1.883768e-03
1.871317e-02
1.371787e-01
1.375522e+00
3.959581e-01
2.504002e-03
3.070446e-01
1.008558e+00
7.412838e+00
6.695565e+00
4.926011e-02
4.197277e-02
1.745916e-03
7.554227e+00
3.651923e-01
3.262858e-03
9.971982e-01
7.968251e-04
6.161047e-04
6.934008e-02
1.053303e-02
1.154147e+00
8.831191e-04
8.831907e-01
6.568933e-04
5.574408e-02
3.155743e+02
3.528045e+03
3.094231e-02
6.766074e+01
9.020896e+01
8.111604e+01
1.163991e+00
9.571754e+03
3.116391e+00
5.591531e+03
9.262815e-04
1.051213e+02
2.102173e-01
9.732179e+01
9.251551e+00
2.032704e+03
4.777867e+00
2.332962e+00
4.968528e-01
9.617451e+02
3.717847e+01
1.061173e+03
2.430619e+03
6.189824e+02
6.150478e-04
1.001104e+02
1.630781e-01
3.184897e+01
2.580251e+04
2.530776e+02
1.259741e+02
5.078466e+02
4.320492e-02
7.214433e+02
1.422660e+02
1.799218e+02
8.136532e+01
5.217724e+02
4.287551e+03
2.048423e+01
9.673216e+03
1.956778e+02
8.571546e-04
1.472540e+03
2.515424e-01
7.225089e+00
7.802224e+01
6.485282e+00
3.781626e+02
3.791710e+00
3.154561e+00
2.145418e-03
3.692557e-01
1.745760e+01
5.067633e-03
7.609891e+01
9.667084e+00
9.262977e+00
2.508029e+03
1.631457e+02
1.719443e+01
1.090208e+01
4.723122e-02
8.220706e+00
6.450745e-02
4.756301e+01
6.126922e-04
4.698789e-01
3.464753e-01
1.026664e+00
2.351006e+02
1.803167e+01
6.363101e-01
5.491496e+03
7.340167e+02
4.975712e-03
2.732730e-04
1.579884e-03
1.572248e+02
2.636518e+00
3.609031e+03
1.571731e+01
3.504210e+00
1.345716e+04
3.740669e-02
6.020147e+01
1.358141e-01
2.303632e+02
5.141835e+00
3.687529e-03
6.453536e+02
1.522988e+01
1.050400e+02
2.280560e+00
1.146622e+00
9.719696e-03
1.082912e+01
1.351072e-01
3.799108e+00
3.324630e+01
3.170493e+00
3.491127e+03
2.861874e+00
7.556770e+01
7.745297e+03
7.952986e-03
9.039296e-03
4.033696e+00
3.348153e+00
2.730707e-01
9.108518e-01
4.127926e+00
9.916039e-02
1.006733e-01
3.663756e+00
7.429185e+00
1.434134e+00
1.177616e-01
1.195732e-02
2.313454e-01
2.639041e+00
4.244558e+00
1.588400e+01
7.657104e+00
3.184567e+00
6.413959e-02
1.570961e+00
1.621100e+01
9.637942e+00
6.144584e+00
2.381281e+01
5.305557e-02
1.421212e-01
1.261826e+01
5.432702e-01
1.801877e-02
6.629883e-01
1.363906e-01
2.512190e+00
3.321160e-02
7.101139e-01
4.835748e+00
7.824728e-01
2.704941e+01
1.438458e+00
6.894210e+01
