6.021930e-01
1.016674e+00
2.835041e-01
1.695472e-01
3.546378e-01
4.750670e+00
1.563687e+00
3.615649e+00
1.251140e-01
9.499747e-01
4.516390e+01
5.059609e-01
3.852811e+00
4.761481e+00
5.764402e+00
2.870276e-02
3.436950e-01
7.856932e+00
7.275571e-02
1.432411e+01
3.821730e-01
1.751948e+00
1.331957e-01
2.623900e-01
1.013374e+00
4.121109e-01
1.645447e+00
1.110909e+01
1.331653e+01
5.939049e-02
1.450183e-04
8.910432e+00
5.348749e+01
9.557807e-03
1.132368e+00
2.094694e+00
6.899933e+00
3.178959e-01
5.931781e-03
1.652022e-02
1.645343e-03
5.574845e-01
1.124001e-01
1.031665e-02
4.899536e-04
1.093061e+01
2.112806e-01
1.457668e+00
1.424920e-03
1.421562e-03
1.959746e-02
1.720422e-01
1.350037e+00
3.524955e-01
2.396437e-03
2.810256e-01
1.720675e+00
8.291082e+00
4.353321e+00
5.046124e-02
5.411748e-02
4.496395e-04
8.990694e+00
4.439534e-01
1.910886e-03
7.592141e-01
6.602904e-04
9.421002e-04
7.290260e-02
1.068768e-02
1.074124e+00
4.404291e-04
8.970306e-01
8.449429e-04
6.300708e-02
2.802721e+01
2.980654e+03
3.722136e-02
3.877115e+01
8.833689e+01
2.137037e+01
1.740289e+02
4.013263e+03
3.010364e+00
4.045842e+03
1.330476e-03
5.372608e+01
2.246399e-01
1.318046e+02
3.099341e+00
2.099071e+03
6.772584e-01
3.144310e+00
6.788725e-01
9.703761e+02
3.371705e+01
1.134385e+03
3.428332e+04
6.495001e+02
1.034889e-03
9.968825e+01
2.389030e-01
4.523047e+01
2.292573e+02
3.436930e+02
4.941330e+03
4.834371e+02
4.460804e-02
8.281249e+02
3.978358e+02
1.261771e+02
1.168211e+02
1.778451e+03
3.068337e+03
2.933911e+01
3.642603e+03
1.966010e+02
5.455806e-04
1.524328e+03
1.256551e-01
1.720716e+01
1.388367e+01
8.778093e-01
3.259337e+02
2.111411e+01
2.170583e+00
2.289031e-03
3.918095e-01
2.059976e+01
6.065907e-03
4.867410e+00
5.282761e+00
9.952825e+00
1.981682e+03
2.000280e+02
3.946679e+02
1.746964e+01
4.488534e-02
9.323631e+00
6.496183e-02
4.911689e+01
6.005565e-04
5.318483e-01
2.807056e-01
3.898415e+00
2.009049e+02
3.435007e+01
6.543748e-01
4.561494e+03
5.035953e+02
5.027092e-03
2.708019e-04
1.824602e-03
1.059446e+02
6.810796e+00
4.248005e+03
1.151145e+01
9.353164e+00
6.132859e+03
1.936406e-02
3.630786e+02
1.669192e-01
1.918383e-02
1.013915e+01
1.426161e-02
7.193165e+02
1.004511e+03
7.911590e+03
2.642341e+00
5.440207e-02
3.838246e-02
8.984429e+00
1.166206e-01
5.153668e+00
1.045867e+01
1.182892e+02
1.050270e+03
1.258266e+01
5.083905e+04
8.601726e+02
6.576601e-03
8.864622e-03
3.534401e+00
2.850151e+00
1.045704e+00
8.089482e-01
4.222493e+00
1.387635e-02
1.084383e-01
3.789272e+00
7.305464e+00
1.280859e+00
1.315589e-01
8.263713e-01
6.381117e+00
6.787437e+00
4.737559e+00
1.582602e+01
9.201027e+00
2.893443e+00
1.318073e+00
1.024625e+00
1.558792e+01
4.603132e+00
5.399754e+00
2.957581e+01
7.011608e-02
1.655870e-01
4.636886e+01
3.717196e+00
1.835617e-02
5.940584e-01
1.199488e-01
2.041576e+00
6.750226e-01
1.677884e+00
4.292195e+00
1.102181e+00
2.711428e+01
3.664573e-01
1.648747e+00
