5.190658e-01
1.439507e-02
2.391994e-02
8.086935e+00
2.513585e+01
8.935820e+01
4.003609e+01
3.826803e+00
8.263547e+00
2.582997e+01
7.380648e-02
3.035869e+01
3.649806e-01
1.930942e+01
1.091338e+00
5.959575e+01
1.753102e+01
5.863596e-02
1.397588e-02
7.360686e-02
3.240569e+01
1.219982e-01
1.029509e-02
7.478977e-01
1.023372e-02
1.819000e-02
1.956256e-02
7.506302e-01
5.448236e+00
3.585521e+01
1.828115e-03
6.805162e-01
8.088322e+00
2.760974e+00
8.858505e-04
4.892817e-02
7.183021e-01
1.422187e-03
1.904758e+00
2.431095e-02
9.138466e-03
3.162986e+01
3.969261e+00
1.288126e-03
3.167279e-03
3.034422e-02
5.911794e-03
2.257530e-03
1.768970e+00
5.980881e+00
5.114548e-02
3.310134e+01
4.766502e-01
2.980118e+00
5.789278e-04
8.973085e-03
1.707191e-01
4.180264e+01
1.771542e-01
2.152033e-02
1.573302e+00
8.673930e-02
8.857797e-02
1.243467e+01
2.412351e-04
4.794790e+01
1.123001e-02
1.752039e-02
2.332865e-03
1.155622e+00
1.842871e+00
6.146585e+01
6.173718e-03
1.480378e+01
5.863063e+00
6.766890e-03
8.998408e+03
2.587443e+01
5.169765e+01
9.115606e+00
1.741078e-02
2.933145e-03
6.005613e+00
8.612679e+01
1.585092e-03
5.494631e+01
7.604467e+00
1.497823e+02
3.234312e+01
1.720339e-02
2.018035e+03
3.594910e+02
5.982549e+03
9.651433e-03
9.821899e+03
3.920139e+02
3.614924e+02
3.242880e+00
7.229791e+02
3.446197e-03
4.421535e+02
1.504499e-02
1.010820e+03
4.245990e-01
4.853926e+01
3.347562e-02
3.254785e+03
6.546659e+04
1.248920e+01
7.987011e+01
1.079437e+01
3.116157e+04
5.864426e+03
3.410323e+02
3.351910e+02
2.737040e-02
3.358736e-03
1.851671e+00
2.076936e+01
6.139980e+01
8.306208e-01
3.197386e+01
1.856120e+03
1.774148e+04
1.742002e+04
3.374934e+04
1.354086e+01
1.254800e-03
1.121356e+01
2.010459e+04
6.306216e+02
3.019573e-02
7.470217e+01
6.610628e-04
2.759663e+03
4.576543e-01
9.556436e+01
8.904150e+00
7.089258e+03
9.126673e+02
3.549449e+02
1.837616e-02
2.739762e-01
1.113653e+02
7.469426e+03
9.809012e+03
1.160325e-03
7.129321e-03
6.369132e-01
1.560782e+03
7.589731e-01
3.584709e-01
1.704479e+02
5.076697e-03
5.696774e+02
1.169078e-04
5.610596e+03
2.141654e-01
6.916574e+03
9.420433e-03
1.695698e-04
5.386559e+00
9.036374e+01
3.065284e+00
5.155248e+02
2.210123e+03
7.512192e-03
1.283866e+00
2.694002e-04
2.627420e+01
6.072791e-03
1.330053e-04
2.705746e-03
4.280515e+01
4.637730e-04
1.864006e+01
9.573887e+04
8.683204e+00
2.630540e+00
3.995043e+02
2.757389e-01
1.158634e-04
1.521153e+00
2.829294e+00
2.634993e-02
3.862070e+00
2.284335e-01
1.706506e+01
1.141483e+01
2.353518e-02
2.063360e-01
2.792556e-02
1.032123e+00
6.421832e+01
1.788543e+01
1.478333e-02
1.571206e+00
1.776472e-02
2.510583e-02
9.785046e+01
1.115577e-02
1.664211e+00
3.850960e-01
1.161479e-02
1.145939e-02
2.623026e+00
1.891603e+00
3.806258e-01
1.709403e-01
6.361531e+01
2.428359e-02
4.307741e+00
1.106404e+01
4.614165e+01
5.644355e-01
1.682549e-02
8.647835e-01
4.504866e-02
1.596927e-02
3.768955e+00
1.429559e+00
