2.056193e+00
7.386692e-01
9.643407e-01
6.497794e-01
1.983687e-01
2.935178e+00
1.139785e-01
8.303194e+00
2.520520e-01
6.891827e-02
4.740736e-02
3.862247e-01
7.059889e-01
1.943862e+00
2.053171e-01
2.344908e-01
8.647643e-01
2.088140e+01
1.880864e-01
2.845494e-01
3.264285e+00
5.707985e+01
3.649344e+01
1.070406e+01
2.680731e+01
9.888684e-01
1.467790e+00
1.749004e+01
5.432687e-02
6.698308e-01
4.121521e-03
1.800393e-02
8.159335e-01
5.288448e-04
2.071476e-03
1.576970e-02
2.040763e-01
3.003489e-01
1.260325e-01
1.447203e-02
6.762326e-03
4.822282e+00
5.122346e+00
1.634860e+01
6.099451e-02
6.139447e-02
6.265968e+00
2.220560e-03
2.419822e+00
4.801922e-02
5.207927e+00
1.590245e+00
6.233821e-03
1.109848e-01
2.029101e+01
4.865954e-02
2.932162e-01
7.773294e+00
1.957125e+01
2.256293e-02
4.656780e+00
3.101599e-03
5.402552e-03
1.005033e-03
1.951000e-01
5.164830e-01
5.846731e+00
6.406428e-02
3.724275e+00
4.986977e-02
2.772262e+00
3.430096e-01
3.329881e+00
5.267193e+00
3.068852e-02
2.168370e-03
2.075715e+01
1.241161e+03
1.916664e-02
2.946690e+02
8.130847e+00
1.545283e+03
8.413958e-01
3.076122e-03
3.359807e-03
1.498027e+02
2.582818e-02
2.603689e-02
2.660245e+02
3.686331e+02
4.811126e+01
3.895375e+02
6.039813e+01
7.560927e+04
5.950656e+02
2.829532e+03
8.177106e+02
3.456316e-03
1.192058e+02
1.532077e-01
1.961325e+01
1.758533e+01
5.512856e+02
7.488110e+01
3.198423e+02
3.239017e+01
3.235799e+01
3.853970e-03
4.465725e+02
8.869669e-02
9.646311e+02
1.292270e+01
2.394699e-02
1.132674e-03
9.104363e-02
4.023564e-02
4.612253e-03
6.483278e-01
1.507633e+01
4.538451e+03
1.644531e-01
4.763703e+00
9.176770e-02
3.382705e+03
5.105671e+02
2.620738e+00
8.095337e+01
7.857511e-04
1.889204e+02
2.765642e+02
6.494540e+01
2.387336e+00
3.785120e+03
3.866398e+04
1.641521e+02
6.164708e-02
3.184498e+02
2.738893e+00
3.027530e+01
3.310065e-02
1.873221e+01
6.874032e-02
6.551414e-03
1.476162e+00
4.155140e+00
8.666024e+02
4.165043e-02
1.479873e-02
9.048878e+01
7.372095e+01
5.308315e-04
1.516105e-03
9.290951e+01
1.378490e+01
3.592224e+01
8.102291e+00
2.372889e-02
4.397296e+04
4.511374e+02
3.905117e+01
8.835110e-01
1.458598e+02
6.863160e-02
2.996840e+01
3.834093e+00
1.053971e+01
1.347615e-02
3.659087e+01
3.972965e-03
4.385837e+01
4.676729e-03
4.016330e-02
1.163582e+00
8.078462e+00
4.657625e+04
9.880370e+01
4.300862e+04
1.442280e+02
1.067578e+01
3.751333e+01
2.417012e-02
1.068902e-02
1.454964e+01
3.383830e+00
5.157709e-02
2.645387e-02
5.339417e+01
7.969762e-01
4.634047e-01
2.399947e+01
3.981469e+00
5.781857e+00
4.676350e+00
3.164162e-01
4.085894e+00
3.526937e-02
3.074097e+00
2.644791e+00
2.987704e-01
1.355352e-01
3.225636e+01
3.874224e+01
2.474845e+01
7.736831e-02
3.510597e-01
6.474491e-01
3.527103e+00
1.385858e+00
4.964467e-01
9.922937e-01
1.224671e-01
2.170429e-01
1.072438e+01
2.023352e+01
7.624782e-01
6.563399e+00
1.128086e+01
2.783770e-01
2.064596e-01
1.563514e+01
2.910495e+00
