1.983831e+00
7.243388e-01
9.729114e-01
6.474400e-01
1.950965e-01
2.921975e+00
1.288953e-01
8.508270e+00
2.667660e-01
6.991457e-02
4.618253e-02
4.042610e-01
7.050979e-01
1.949858e+00
2.056405e-01
2.133021e-01
7.991801e-01
1.390956e+01
1.880940e-01
2.896734e-01
3.232040e+00
4.572258e+01
3.468916e+01
1.009868e+01
2.544517e+01
9.863501e-01
1.421741e+00
1.692412e+01
5.661624e-02
6.890579e-01
4.015468e-03
1.609150e-02
8.341463e-01
3.972058e-04
2.097421e-03
2.662191e-01
2.056943e-01
3.053769e-01
1.460549e-01
1.460782e-02
6.599602e-03
1.608196e+00
3.966661e+00
6.834742e+00
6.058401e-02
6.117996e-02
6.216002e+00
2.275509e-03
2.376380e+00
4.942604e-02
5.784752e+00
1.757117e+00
6.116999e-03
2.098928e-02
1.743054e+01
4.905240e-02
2.975992e-01
6.565769e+00
1.836119e+01
2.205180e-02
5.250570e+00
3.112068e-03
5.336590e-03
1.023854e-03
1.913939e-01
5.434817e-01
5.738825e+00
2.511915e-02
3.785474e+00
4.252666e-02
2.780802e+00
3.458926e-01
3.150077e+00
5.141713e+00
2.310433e-02
2.029924e-03
2.006286e+01
1.238090e+03
2.636297e-02
3.250069e+00
8.054103e+00
1.640953e+03
1.103799e+00
2.900649e-03
5.596151e-04
1.582071e+02
1.887449e+02
3.642208e-02
3.269791e+02
3.640840e+02
5.107348e+01
2.722271e+02
5.856150e+01
7.373044e+04
5.257649e+02
2.798648e+03
7.837242e+02
3.554721e-03
1.186276e+02
1.499961e-01
1.942812e+01
1.774883e+01
5.635170e+02
8.051955e+01
3.105284e+02
3.280607e+01
3.333007e+01
2.906357e-03
4.520734e+02
7.133426e-02
9.592129e+02
1.300994e+01
2.659136e-02
1.122413e-03
5.171531e-02
7.916798e-02
1.216938e-04
6.742967e-01
1.667161e+01
4.259947e+03
1.612762e-01
4.808450e+00
8.808759e-02
3.700244e+03
4.962537e+02
2.944109e+00
7.420607e+01
1.100426e-03
1.824932e+02
3.094449e+02
6.549602e+01
2.426326e+00
2.992903e+03
2.805151e+04
1.229598e+02
5.627730e-02
3.115329e+02
2.730724e+00
3.109306e+01
3.240064e-02
1.655099e+01
7.182237e-02
6.541201e-03
1.109784e+00
4.093816e+00
8.576592e+02
4.085004e-02
1.453126e-02
6.947971e+01
7.351098e+01
5.908459e-04
1.501760e-03
9.623942e+01
1.240132e+01
1.147832e+03
9.913532e-01
2.119859e-02
6.553650e+04
4.783435e+02
4.326497e+01
9.096616e-01
1.474548e+02
6.818918e-02
2.850438e+01
3.821165e+00
1.032402e+01
1.453703e-02
3.642378e+01
2.858405e-03
4.961334e+01
4.411557e-03
4.511879e-02
1.046846e+00
7.720828e+00
4.325803e+04
9.759941e+01
5.978622e+04
1.521560e+02
1.237679e+01
2.698794e+01
2.423022e-02
1.055807e-02
1.467705e+01
3.425011e+00
5.173764e-02
2.575738e-02
5.369950e+01
8.337614e-01
4.450574e-01
2.358093e+01
4.130677e+00
1.833712e+00
3.064325e+00
2.896896e-01
3.522937e+00
3.269255e-02
2.926916e+00
2.651642e+00
2.920167e-01
1.374168e-01
3.254573e+01
4.373362e+01
2.190668e+01
7.601580e-02
3.443393e-01
5.839916e-01
3.548829e+00
1.472213e+00
5.019598e-01
9.682074e-01
1.216514e-01
2.415797e-01
6.526604e+00
2.143898e+01
6.616123e-01
6.535181e+00
1.203991e+01
2.489256e-01
1.617832e-01
1.586106e+01
3.181952e+00
