2.733172e+01
5.764492e+00
1.084350e+01
1.985525e-01
9.853243e-01
1.031226e-01
4.697576e-01
1.472074e+00
1.612347e+00
3.367448e-02
4.430533e-02
6.682324e+00
4.679980e-01
6.739917e-02
3.016380e+00
3.644799e+00
2.862446e-01
3.164113e-02
2.461232e-01
7.735896e-02
1.741129e+01
3.175618e+00
8.526310e+00
1.566440e+01
2.749930e+00
3.022465e-01
1.477036e-02
3.597440e-01
6.038221e-01
1.491530e+01
2.465898e-01
6.473326e+00
4.245002e+01
8.179759e-01
7.477655e-04
3.182425e-03
3.110950e-02
6.706658e-01
4.028087e-04
5.375456e-02
7.166359e-04
5.031252e+00
8.414222e-04
2.118974e-04
2.720141e+00
2.381940e+00
5.218670e-01
9.877681e+01
4.108980e-01
7.479922e-04
2.302747e+00
4.727050e+01
4.729233e+00
2.236289e+01
2.196176e+01
1.300571e-03
3.734158e-02
5.952298e-03
1.758109e-03
1.432802e+00
1.819263e-03
2.187338e-02
2.552312e-01
4.186942e+00
5.838766e-04
3.958629e-03
2.744619e-03
5.422044e-01
1.033892e+00
9.947508e-04
3.962737e+00
1.216247e+00
1.865484e+00
1.080612e-02
3.513971e+03
3.963019e-02
4.605000e-02
6.617773e+04
1.964059e-01
2.063570e+02
4.398353e+01
1.896543e-01
6.264138e+02
4.462386e+03
3.176422e+03
1.090325e+01
1.295257e-03
8.114374e+00
1.342177e+01
3.178678e-03
3.842352e+01
7.512981e+02
7.164998e+00
4.618579e+00
1.900147e+03
3.371298e-03
3.713442e+01
3.277044e+03
9.319815e+03
1.925042e+02
1.058562e+01
4.634315e+00
4.716659e+03
1.877837e-04
6.080717e+01
8.544621e+00
2.969139e+03
1.119386e+02
4.432873e+00
4.789018e-02
4.930489e+01
2.045785e+04
2.861812e+02
2.028208e+03
1.946436e+03
4.421673e-03
1.495834e+00
3.612954e+03
8.457612e+03
5.914656e-03
3.021982e-01
2.985738e-01
3.687868e-02
5.926814e+02
8.056400e+00
7.464285e-03
1.379021e-01
9.229540e+01
3.917882e+02
8.515623e-02
2.471615e+01
1.541136e+03
1.019997e+01
3.104548e+00
1.504030e+01
2.388242e+02
2.308866e+00
5.563489e+02
2.564906e+00
1.624784e+00
8.407848e+00
1.216080e-02
2.701315e-01
1.590053e+01
1.481943e+01
2.654532e+03
3.878907e+03
1.257663e-03
1.436597e-02
8.570266e+02
2.367205e-01
4.204816e-03
8.159796e+02
7.002715e-01
8.584783e+02
6.189462e-02
9.187741e+04
1.329682e-02
1.066439e+03
3.673481e+00
2.093706e-02
6.965686e+01
7.067613e-03
1.872068e+02
2.121620e-02
2.870146e+02
1.155642e+01
3.211112e+01
2.585529e+03
3.330458e-01
3.410322e-03
4.648865e+01
9.592003e+01
1.043277e+02
3.874817e+00
3.836915e+00
4.112033e+03
2.936893e+01
8.121729e+01
2.102656e+00
1.047051e-02
5.268000e-03
2.659876e-01
7.100297e-01
1.050377e+01
1.638203e-02
2.842610e-02
5.883109e+00
7.573641e-01
4.104810e+00
7.952362e-02
3.291501e+00
2.048533e-01
3.423011e+00
2.011341e-01
4.391507e+00
6.737466e-01
4.670317e-02
7.812083e+00
5.152027e-01
2.628896e+00
1.559640e+01
3.439933e-02
4.558036e-02
2.843354e+00
9.407847e+00
1.811885e-02
1.051870e+00
6.374493e+00
6.189472e-01
1.115332e+00
1.954798e-01
2.914619e+00
2.880541e-01
3.222896e-02
1.522986e-01
1.064291e+00
1.223660e+00
1.115781e-01
3.478162e-01
2.209466e+01
