1.548448e+00
2.361030e-01
2.975748e-02
7.196648e+00
3.091266e+01
3.342058e+00
8.003968e+00
4.664941e+00
8.204735e+00
1.649600e+00
1.230159e+00
3.398646e+01
1.521366e+01
1.101754e+01
6.591378e-01
1.723172e+01
2.088921e-02
2.840005e-02
4.728819e-02
7.500541e-02
3.719237e+01
2.072674e-01
1.304838e-01
6.440363e-01
3.270663e-01
3.767349e-02
4.350447e-02
4.144532e+00
3.143502e+00
4.095195e+01
9.953309e-02
7.568809e-01
9.379372e-01
9.849811e-01
5.866129e-04
4.169453e-02
5.847027e-01
1.577678e-03
1.906371e+00
1.348337e-02
1.361373e-03
1.005320e+00
2.792983e+00
3.454972e-03
2.017187e-03
2.218806e-03
8.439040e-03
2.658444e-03
1.544040e+00
9.551000e+00
1.507639e-01
1.548260e-02
4.270184e-01
2.438983e+00
6.523072e-04
7.215795e-03
2.288307e-02
5.123555e+01
1.000349e+00
2.438495e-02
1.574463e+00
3.618106e-01
1.044989e-01
3.841841e+00
4.669355e-02
1.931872e-01
1.200594e-02
7.308781e-03
2.446722e-03
9.976518e-01
2.967907e+00
5.248543e+00
1.585330e-03
3.389893e+00
5.856705e+00
2.251830e-03
1.709471e+03
1.021048e+02
1.519825e+01
1.754743e+01
1.622449e-02
3.129227e-03
5.654985e+00
1.099730e+01
1.561046e-03
5.922134e+02
5.912310e+00
1.031251e+02
3.456512e+01
3.540019e-02
2.345378e+02
2.232203e+02
2.326227e+02
8.301850e-03
8.458300e+03
4.932825e+02
3.826176e+02
1.964565e+01
4.236873e+02
3.802824e+00
3.768314e+02
3.053933e-02
1.139908e+03
5.445340e-01
4.350247e+01
2.543174e-02
5.108956e+03
6.908993e+04
1.012404e+01
6.950700e+01
1.175819e+01
4.137753e+04
1.690172e+03
1.433352e+02
6.340544e+02
2.040370e-03
3.723432e-03
1.622146e+00
1.432741e+01
7.674625e+01
1.851416e+02
8.349199e+01
6.178732e+03
2.834093e+03
1.815811e+04
5.876831e+03
8.292347e+00
1.004562e-01
9.978214e+00
1.907407e+04
6.380332e+02
1.564062e-03
5.301928e+01
1.676838e-03
8.323603e+02
3.559459e+00
1.721319e+02
1.390830e+02
5.623807e+02
7.776462e+00
7.057349e+02
1.576803e-02
2.158437e-01
1.866055e+02
1.815227e+03
1.469056e+04
3.675130e-04
5.230997e-03
7.409205e-03
7.518404e+02
1.886933e-01
5.383083e-01
1.726103e+02
2.563278e-03
5.089382e+02
3.843188e-04
3.116565e+03
3.585924e-01
1.163692e+04
1.236851e-01
6.131688e+00
3.568882e+00
1.013942e+02
5.175891e+00
8.431744e+01
1.365227e+03
1.069939e-02
3.547263e+01
7.181314e-04
2.768429e+01
4.986647e-02
6.501197e+00
2.083510e-02
1.074541e+02
4.534622e-04
2.876231e+01
6.484724e-03
3.197056e+01
2.843217e+00
3.945532e+02
1.893046e-01
1.921165e-04
1.512499e+00
3.117197e+01
4.881903e-02
3.359358e+00
2.864180e-01
1.328496e+01
8.281695e+00
9.282649e-02
3.056734e-01
3.333341e-02
4.917257e-01
8.950921e+01
1.448590e+01
3.520347e-02
1.527830e+00
4.300140e-02
2.941308e-02
3.948640e+01
5.895619e-02
2.480776e+00
6.955891e-01
8.826220e-01
1.974521e+00
2.822928e+00
1.192939e+00
1.534523e+00
3.075613e-01
7.227777e+01
2.261288e-02
4.127823e+00
2.967246e+01
4.407585e+01
2.672506e+00
5.082813e-01
8.709182e-01
9.568791e-02
9.917084e-02
2.217507e+00
1.758543e+00
