2.011990e+00
7.350617e-01
9.761958e-01
6.677605e-01
1.950934e-01
3.010223e+00
1.290878e-01
8.450006e+00
2.739745e-01
6.656952e-02
4.599987e-02
3.697954e-01
6.962226e-01
1.650249e+01
1.974724e-01
1.659457e-01
7.596611e-01
1.387267e+01
1.844935e-01
3.017843e-01
3.157423e+00
4.843068e+01
3.655547e+01
1.038883e+01
2.632159e+01
9.753708e-01
1.678596e+00
1.621013e+01
4.693440e-02
7.324306e-01
4.081232e-03
1.675933e-02
8.370721e-01
3.974034e-04
2.067895e-03
2.751081e-01
2.106155e-01
3.007658e-01
1.382112e-01
1.649770e-02
6.691133e-03
1.553353e+00
3.975247e+00
6.661944e+00
5.983453e-02
6.758281e-02
6.254656e+00
2.299885e-03
2.637662e+00
4.891445e-02
5.695447e+00
1.568621e+00
6.286921e-03
2.079569e-02
1.710425e+01
4.895844e-02
2.996316e-01
5.574777e+00
1.818886e+01
2.012974e-02
5.245193e+00
3.163454e-03
5.686579e-03
1.061482e-03
2.241745e-01
6.086313e-01
2.472505e+00
2.529317e-02
3.704669e+00
4.484783e-02
3.235153e+00
3.469721e-01
2.583649e+00
5.235871e+00
1.847984e-02
2.096859e-03
2.124680e+01
1.203507e+03
3.683168e-02
2.026166e+00
8.094117e+00
1.879379e+03
1.134302e+00
3.063939e-03
5.425087e-04
1.555583e+02
1.874166e+02
3.671064e-02
3.321851e+02
3.616790e+02
5.049505e+01
2.697554e+02
6.062947e+01
7.293346e+04
4.134263e+02
2.676326e+03
7.725079e+02
3.548928e-03
1.187972e+02
1.427905e-01
1.808005e+01
1.787941e+01
5.623253e+02
7.564550e+01
2.987852e+02
3.232137e+01
3.311545e+01
2.687032e-03
4.812246e+02
7.934513e-02
9.997806e+02
1.198100e+01
3.216849e-02
1.224048e-03
5.375467e-02
7.721245e-02
1.026818e-04
6.824219e-01
1.485685e+01
3.654369e+03
1.767353e-01
4.719007e+00
1.001689e-01
3.900645e+03
8.504369e+02
2.947577e+00
6.946445e+01
9.483328e+02
1.858773e+02
3.105229e+02
6.828806e+01
2.861014e+00
3.012011e+03
2.871138e+04
1.181887e+02
6.268304e-02
3.922936e+02
2.708589e+00
3.104785e+01
2.619360e-02
1.665945e+01
7.574897e-02
6.703816e-03
1.080623e+00
4.020769e+00
8.275246e+02
4.225610e-02
1.451844e-02
6.926614e+01
7.552494e+01
6.016995e-04
1.576218e-03
9.073920e+01
1.278769e+01
1.458699e+03
9.722738e-01
2.151949e-02
3.886084e+04
4.395971e+02
4.245204e+01
9.208950e-01
1.518680e+02
6.943522e-02
3.044806e+00
3.935413e+00
9.279513e+00
1.475738e-02
3.613031e+01
2.971805e-03
4.907489e+01
4.361408e-03
4.777039e-02
1.043627e+00
7.218154e+00
4.331904e+04
9.471064e+01
6.027198e+04
1.538872e+02
1.266518e+01
2.709824e+01
2.465184e-02
1.062238e-02
1.463124e+01
3.398614e+00
5.184484e-02
2.698443e-02
5.226815e+01
8.280268e-01
3.157478e-01
2.331847e+01
4.159551e+00
1.843408e+00
3.071993e+00
1.598678e-01
3.520237e+00
3.232673e-02
3.002177e+00
2.634297e+00
3.095120e-01
1.377986e-01
3.364461e+01
4.427517e+01
2.181595e+01
7.297831e-02
4.899696e+01
5.744589e-01
3.773162e+00
1.436965e+00
5.215065e-01
8.982559e-01
1.199610e-01
2.584235e-01
6.578142e+00
2.204407e+01
9.203200e-01
6.594394e+00
1.158255e+01
2.904677e-01
1.566807e-01
1.783525e+01
3.193206e+00
