2.250752e+00
6.666294e-01
9.741852e-01
5.355986e-01
1.968611e-01
2.982063e+00
1.308795e-01
7.861759e+00
2.568925e-01
6.548206e-02
4.595320e-02
3.729193e-01
7.176584e-01
1.955679e+00
2.000177e-01
2.383196e-01
8.120301e-01
2.283066e+01
2.628327e-01
2.829105e-01
3.256662e+00
4.794533e+01
3.642828e+01
9.374052e+00
2.804030e+01
9.797475e-01
1.696173e+00
1.613169e+01
5.754945e-02
6.184170e-01
4.514526e-03
1.844183e-02
8.775535e-01
5.843259e-03
1.035813e-03
1.485977e-02
2.039269e-01
3.091427e-01
1.208225e-01
1.477160e-02
6.642149e-03
5.098792e+00
4.697529e+00
1.392892e+01
6.133200e-02
6.008666e-02
6.378312e+00
2.350652e-03
2.425989e+00
4.521426e-02
5.463588e+00
1.593931e+00
5.990523e-03
1.103343e-01
3.052123e-02
4.988131e-02
2.968344e-01
7.625348e+00
1.449885e+01
2.322107e-02
7.955492e+00
2.438584e-03
5.391779e-03
1.004122e-03
1.646035e-01
5.221801e-01
8.102891e+00
6.337547e-02
3.952138e+00
3.579986e-02
2.695221e+00
3.413560e-01
3.224950e+00
4.982013e+00
2.970220e-02
1.960866e-03
2.017023e+01
1.206937e+03
2.558713e-02
3.030751e+02
8.018718e+00
1.748200e+03
9.207168e-01
2.432721e-03
4.030774e-03
1.512236e+02
2.443594e-02
1.818124e-02
2.594572e+02
3.645399e+02
4.515104e+01
5.262259e+02
6.193457e+01
7.880513e+04
5.811471e+02
2.820061e+03
8.560127e+02
3.440371e-03
1.206220e+02
1.523379e-01
1.968153e+01
1.943978e+01
5.825205e+02
7.972247e+01
3.147370e+02
2.742260e+01
3.227180e+01
3.703396e-03
3.872053e+02
8.862828e-02
8.940335e+02
1.216068e+01
2.460914e-02
1.062492e-03
8.800783e-02
4.430786e-02
4.653585e-03
6.591764e-01
1.621391e+01
5.284355e+03
1.614364e-01
4.865442e+00
8.642136e-02
3.419571e+03
4.821018e+02
1.950294e+00
8.516057e+01
2.822679e+02
1.908860e+02
2.633740e+02
6.478471e+01
2.508600e+00
4.058882e+03
3.407545e+04
1.641804e+02
6.942383e-02
3.146491e+02
2.388234e+00
3.304804e+01
3.468792e-02
1.990405e+01
7.217481e-02
4.195015e-03
1.620000e+00
4.076978e+00
1.155938e+03
3.531066e-02
1.610184e-02
8.446036e+01
7.001967e+01
5.760126e-04
1.507963e-03
9.532624e+01
1.323147e+01
2.454095e+01
5.569352e+00
3.282612e-02
6.757787e+04
1.504585e+03
3.833085e+01
9.239353e-01
1.526466e+02
5.982227e-02
3.178976e+01
3.560609e+00
1.083496e+01
1.249834e-02
3.918982e+01
3.593291e-03
5.623919e+01
4.751806e-03
3.973294e-02
1.288064e+00
8.458343e+00
4.027442e+04
1.093328e+02
4.099593e+04
1.345130e+02
1.032699e+01
2.947875e+01
2.342103e-02
1.070607e-02
1.402735e+01
3.349992e+00
5.315468e-02
2.746589e-02
5.806347e+01
7.871979e-01
4.815814e-01
2.578728e+01
3.326413e+00
3.965604e+00
4.387090e+00
2.811867e-01
4.175053e+00
1.971977e-01
3.027775e+00
2.597844e+00
2.993017e-01
1.372379e-01
5.594943e+01
3.953677e+01
2.504159e+01
7.774207e-02
3.415470e-01
6.107224e-01
3.804010e+00
1.262557e+00
4.922170e-01
1.001696e+00
1.221244e-01
2.566928e-01
1.175565e+01
2.011739e+01
7.721611e-01
6.294944e+00
1.121183e+01
2.922128e-01
2.054374e-01
1.117709e+01
2.981160e+00
