1.950383e+00
8.097265e-01
1.013534e+00
2.480395e-01
2.003709e-01
2.802531e+00
9.377495e-02
3.689170e+00
9.321391e-02
8.160906e-02
6.977306e-02
5.899114e-01
6.228807e-01
2.673622e+00
2.369154e-01
2.304688e-01
1.202622e+00
3.417026e+01
5.116968e-02
2.218154e-01
4.084306e+00
4.899877e+01
2.876649e+01
9.302632e+00
2.785742e+01
1.083362e+00
1.488075e+00
1.768965e+01
6.665733e-02
6.514924e-01
3.778365e-03
1.023961e-02
9.837035e-01
7.885991e-03
7.506675e-03
1.511891e-02
4.891655e+00
3.307533e-04
8.720547e-02
4.794036e-02
1.989495e-02
5.981594e+00
3.707426e+01
3.849551e+00
4.840527e-02
4.858880e-02
5.604645e+00
4.971876e-04
3.609578e+00
6.600972e-02
4.536251e+00
1.263082e+00
9.267844e-03
1.465465e-01
1.047161e+01
3.031377e-01
2.565851e-01
2.874683e+01
1.443329e+01
1.505751e-02
4.614100e-04
3.614962e-03
6.258500e-03
2.490684e-04
1.576008e-01
5.225174e-01
1.442475e+01
1.161859e-01
4.474040e+01
6.112154e-02
1.931732e+00
4.327292e-01
3.221716e+00
8.901019e+00
4.475463e-02
6.894976e-03
2.678320e+01
2.143556e+03
1.241116e-02
1.865075e+02
1.009220e+01
3.178302e+04
7.434854e-01
8.455131e-04
4.851769e-03
1.368486e+02
4.227708e-02
1.761367e-03
2.692870e+02
2.134498e+02
4.698112e+01
8.082236e+02
8.011609e+01
6.026044e+01
5.571787e+02
1.042746e+02
1.840079e+02
1.922428e-03
8.527366e+01
2.269704e-01
1.593982e+01
1.202892e+04
2.178792e+02
2.858529e+01
5.853133e+02
3.239502e+01
1.563656e+01
4.160281e-03
5.043883e+02
5.931833e-02
9.106839e+02
1.239312e+01
2.821054e-02
8.518819e-03
1.278285e-03
4.115830e-02
1.722441e-03
5.539872e-01
2.328140e+01
7.119028e+02
3.136939e-01
4.587727e+00
1.155199e-01
2.926700e+02
4.932480e+02
1.492204e+00
1.170968e+02
1.607047e-03
2.343828e+02
7.522555e+01
5.974222e+01
3.789701e+00
2.283270e+03
2.500382e+04
9.087127e+01
9.699364e-02
3.422547e+02
2.212742e+00
2.690230e+01
5.681146e-02
1.936494e+01
1.865245e-02
2.137591e-03
1.110563e+00
5.851067e+00
6.089423e+02
6.528004e-03
1.369556e-02
9.144530e+01
2.476461e+01
6.206584e-04
7.586819e-01
1.828739e+03
1.044904e+01
2.991059e+01
9.490607e+00
3.047076e-02
1.696065e-04
2.037913e+02
2.505400e+01
7.122499e-01
3.798518e+02
8.239539e-02
2.217834e+01
1.164038e+01
1.092708e+01
1.529002e-02
5.943449e+01
2.444992e-03
6.870460e+01
2.764021e-03
5.932539e-02
2.116232e+00
7.550296e+00
1.384061e-01
3.160309e+02
6.825567e-01
1.609290e+02
1.489181e+01
4.655842e+01
1.997121e-02
1.852642e-02
1.348629e+01
2.683476e+00
5.106324e-02
2.298428e-02
1.139293e+01
3.858245e-02
8.817645e-01
2.961682e+01
3.507254e+00
7.949038e+00
2.411526e+01
2.964696e-01
4.028439e+00
3.726836e-02
2.842088e+00
2.319730e+00
3.402876e-01
1.089790e-01
3.988470e+01
3.067263e+01
1.923077e+01
9.608913e-02
3.688548e-01
7.639150e-01
1.693370e+00
1.013650e+00
5.358135e-01
1.223561e+00
1.241921e-01
1.434040e-01
1.015960e+01
1.863096e+01
7.207067e-01
5.204928e+00
1.090082e+01
2.768653e-01
2.436117e-01
1.616424e+01
2.530506e+00
